9000	3,66588607430458E-02
2008995,5	0,030849888920784
4008991	-1,14138899371028E-02
6008986,5	-0,013361219316721
8008982	-2,42274696938694E-03
10008978	5,99208753556013E-03
12008973	6,17626635357738E-03
14008968	3,75368981622159E-03
16008964	-1,31199997849762E-03
18008960	-4,44990210235119E-03
20008956	-6,40188762918115E-03
22008950	-7,36612780019641E-03
24008946	-3,15969833172858E-03
26008942	2,485049481038E-05
28008936	4,68720169737935E-03
30008932	1,86462514102459E-03
32008928	-4,4804634526372E-03
34008924	-9,21874213963747E-03
36008920	-1,38652315363288E-02
38008916	-1,47571777924895E-02
40008912	-1,07752438634634E-02
42008904	-8,97464156150818E-03
44008900	-1,09115745872259E-02
46008896	-1,47841442376375E-02
48008892	-2,29601114988327E-02
50008888	-2,73641459643841E-02
52008884	-2,67663896083832E-02
54008880	-2,26979721337557E-02
56008872	-1,97381991893053E-02
58008868	-1,74973718822002E-02
60008864	-1,62736941128969E-02
62008860	-1,84441655874252E-02
64008856	-0,021270640194416
66008852	-2,52013113349676E-02
68008848	-2,63909343630075E-02
70008840	-2,71538104861975E-02
72008840	-2,78211906552315E-02
74008832	-2,66350042074919E-02
76008832	-2,51685995608568E-02
78008824	-2,53222901374102E-02
80008816	-2,71917227655649E-02
82008816	-2,95685604214668E-02
84008808	-3,04849781095982E-02
86008808	-3,07312440127134E-02
88008800	-0,029059998691082
90008800	-2,92610302567482E-02
92008792	-3,03696431219578E-02
94008792	-3,24812829494476E-02
96008784	-0,034273773431778
98008776	-3,54953035712242E-02
100008776	-3,66234295070171E-02
102008768	-3,78442592918873E-02
104008768	-3,79555337131023E-02
106008760	-3,78499776124954E-02
108008760	-3,85670587420464E-02
110008752	-3,89669649302959E-02
112008752	-3,86409051716328E-02
114008744	-3,72244641184807E-02
116008736	-3,55748422443867E-02
118008736	-0,036936417222023
120008728	-3,73367741703987E-02
122008728	-3,99857982993126E-02
124008720	-4,24691513180733E-02
126008720	-4,40175756812096E-02
128008712	-4,53950501978397E-02
130008704	-4,32875528931618E-02
132008704	-4,29571643471718E-02
134008696	-4,18230146169662E-02
136008688	-4,30492535233498E-02
138008688	-4,40555587410927E-02
140008688	-0,048591610044241
142008688	-0,053194098174572
144008672	-5,39822578430176E-02
146008672	-5,31685762107372E-02
148008672	-4,86827231943607E-02
150008656	-4,97438311576843E-02
152008656	-4,94360998272896E-02
154008656	-5,33633977174759E-02
156008656	-5,68234510719776E-02
158008640	-5,82269281148911E-02
160008640	-5,71491532027721E-02
162008640	-5,51831275224686E-02
164008624	-5,19981980323792E-02
166008624	-5,32691106200218E-02
168008624	-5,54358251392841E-02
170008624	-5,84296733140945E-02
172008608	-6,02124109864235E-02
174008608	-6,24684654176235E-02
176008608	-6,19918629527092E-02
178008592	-0,061131551861763
180008592	-5,99335134029388E-02
182008592	-5,98495826125145E-02
184008592	-6,15074709057808E-02
186008576	-6,23427927494049E-02
188008576	-6,44038021564484E-02
190008576	-6,51428997516632E-02
192008576	-6,60896897315979E-02
194008560	-6,62247985601425E-02
196008560	-6,77696391940117E-02
198008560	-6,86525255441666E-02
200008544	-6,90809562802315E-02
202008544	-6,88054263591766E-02
204008544	-6,92557841539383E-02
206008544	-6,82935118675232E-02
208008528	-6,84855431318283E-02
210008528	-6,99123069643974E-02
212008528	-7,11994245648384E-02
214008512	-7,24825412034988E-02
216008512	-0,074918806552887
218008512	-7,86063522100449E-02
220008512	-8,12460482120514E-02
222008496	-8,65968763828278E-02
224008496	-0,089660070836544
226008496	-9,10202264785767E-02
228008480	-9,21806991100311E-02
230008480	-9,17657762765884E-02
232008480	-9,04923602938652E-02
234008480	-9,15031284093857E-02
236008464	-0,090596467256546
238008464	-8,84444937109947E-02
240008464	-8,49613845348358E-02
242008448	-8,09868574142456E-02
244008448	-7,86026865243912E-02
246008448	-0,080349862575531
248008448	-8,51213485002518E-02
250008432	-0,092359647154808
252008432	-9,92321595549583E-02
254008432	-0,100782886147499
256008416	-0,1006069034338
258008416	-0,09846031665802
260008416	-9,78874862194061E-02
262008416	-9,85273420810699E-02
264008400	-9,95599925518036E-02
266008400	-9,99983325600624E-02
268008400	-0,100129254162312
270008384	-9,81194376945496E-02
272008384	-9,70948114991188E-02
274008384	-9,63849276304245E-02
276008384	-9,65534895658493E-02
278008384	-9,70833003520966E-02
280008384	-9,83356833457947E-02
282008352	-0,098552480340004
284008352	-9,87378358840942E-02
286008352	-9,99092906713486E-02
288008352	-0,100310459733009
290008352	-0,100397400557995
292008352	-0,101760804653168
294008352	-0,10141246765852
296008320	-0,102316588163376
298008320	-0,104282312095165
300008320	-0,105798833072186
302008320	-0,109472766518593
304008320	-0,111101873219013
306008320	-0,110693909227848
308008320	-0,111083000898361
310008288	-0,110213615000248
312008288	-0,109259381890297
314008288	-0,110742680728436
316008288	-0,110986515879631
318008288	-0,110778346657753
320008288	-0,109902687370777
322008288	-0,108723059296608
324008256	-0,108907073736191
326008256	-0,111274391412735
328008256	-0,114707238972187
330008256	-0,121051475405693
332008256	-0,124341115355492
334008256	-0,124867372214794
336008256	-0,124030224978924
338008224	-0,12023252248764
340008224	-0,118795372545719
342008224	-0,118371829390526
344008224	-0,119554854929447
346008224	-0,122658595442772
348008224	-0,122417576611042
350008224	-0,120708659291267
352008192	-0,120723359286785
354008192	-0,119861930608749
356008192	-0,122443847358227
358008192	-0,12645997107029
360008192	-0,129298180341721
362008192	-0,130180507898331
364008192	-0,129425868391991
366008192	-0,128722250461578
368008160	-0,126508817076683
370008160	-0,126277178525925
372008160	-0,127708196640015
374008160	-0,128355503082275
376008160	-0,131306260824203
378008160	-0,132699251174927
380008160	-0,132322326302528
382008128	-0,133095622062683
384008128	-0,132066339254379
386008128	-0,130522638559341
388008128	-0,130373373627663
390008128	-0,130740731954575
392008128	-0,13135252892971
394008128	-0,132766529917717
396008096	-0,132392778992653
398008096	-0,133613467216492
400008096	-0,134574592113495
402008096	-0,133949428796768
404008096	-0,135890752077103
406008096	-0,137808874249458
408008096	-0,138158664107323
410008064	-0,137719452381134
412008064	-0,138022437691689
414008064	-0,137132450938225
416008064	-0,135741949081421
418008064	-0,134936332702637
420008064	-0,136449798941612
422008064	-0,13826122879982
424008032	-0,13956905901432
426008032	-0,137860417366028
428008032	-0,135706707835197
430008032	-0,135317042469978
432008032	-0,135479539632797
434008032	-0,136777460575104
436008032	-0,139987826347351
438008000	-0,143793106079102
440008000	-0,144416347146034
442008000	-0,143410444259644
444008000	-0,140168815851212
446008000	-0,138168662786484
448008000	-0,136981517076492
450008000	-0,138050839304924
452007968	-0,139911532402039
454007968	-0,142975196242332
456007968	-0,144953295588493
458007968	-0,143814161419868
460007968	-0,14228680729866
462007968	-0,140385061502457
464007968	-0,139303907752037
466007936	-0,141700550913811
468007936	-0,143537849187851
470007936	-0,144870638847351
472007936	-0,145908311009407
474007936	-0,145529240369797
476007936	-0,146145731210709
478007936	-0,145031198859215
480007936	-0,145931988954544
482007904	-0,147135093808174
484007904	-0,147971853613853
486007904	-0,149085700511932
488007904	-0,149410158395767
490007904	-0,149226874113083
492007904	-0,149514958262444
494007904	-0,149099931120872
496007872	-0,148579061031342
498007872	-0,148765504360199
500007872	-0,149460718035698
502007872	-0,14941069483757
504007872	-0,148746013641357
506007872	-0,149277433753014
508007872	-0,149036213755608
510007840	-0,150077000260353
512007840	-0,149695113301277
514007840	-0,151919722557068
516007840	-0,152306973934174
518007840	-0,15160046517849
520007840	-0,149836272001266
522007840	-0,147643804550171
524007808	-0,147330462932587
526007808	-0,147877603769302
528007808	-0,151987701654434
530007808	-0,154881685972214
532007808	-0,158852756023407
534007808	-0,160634055733681
536007808	-0,160827070474625
538007808	-0,15999647974968
540007808	-0,157377004623413
542007808	-0,154047966003418
544007808	-0,153436690568924
546007744	-0,154579684138298
548007744	-0,155197903513908
550007744	-0,1538065969944
552007744	-0,154389426112175
554007744	-0,15383768081665
556007744	-0,152453452348709
558007744	-0,152995616197586
560007744	-0,154372066259384
562007744	-0,155427172780037
564007744	-0,157313764095306
566007744	-0,159720659255981
568007744	-0,158561155200005
570007744	-0,159839853644371
572007744	-0,158919170498848
574007680	-0,157893151044846
576007680	-0,156702250242233
578007680	-0,156971082091331
580007680	-0,158826380968094
582007680	-0,163200676441193
584007680	-0,167042538523674
586007680	-0,171070381999016
588007680	-0,17216183245182
590007680	-0,170559272170067
592007680	-0,167446300387383
594007680	-0,165379673242569
596007680	-0,164103344082832
598007680	-0,162896826863289
600007680	-0,16316694021225
602007616	-0,162121385335922
604007616	-0,163547277450562
606007616	-0,164205700159073
608007616	-0,164303839206696
610007616	-0,165156498551369
612007616	-0,167316466569901
614007616	-0,169616863131523
616007616	-0,173044860363007
618007616	-0,175804272294044
620007616	-0,177052229642868
622007616	-0,176692932844162
624007616	-0,174124956130981
626007616	-0,172390520572662
628007616	-0,170204475522041
630007552	-0,170168042182922
632007552	-0,170480072498322
634007552	-0,171977013349533
636007552	-0,174886658787727
638007552	-0,17817035317421
640007552	-0,179124236106873
642007552	-0,181000143289566
644007552	-0,181090518832207
646007552	-0,180556088685989
648007552	-0,181356430053711
650007552	-0,182480379939079
652007552	-0,183053538203239
654007552	-0,183627247810364
656007552	-0,184217393398285
658007488	-0,185745269060135
660007488	-0,185708776116371
662007488	-0,185962647199631
664007488	-0,187386095523834
666007488	-0,188207685947418
668007488	-0,189906150102615
670007488	-0,191278368234634
672007488	-0,192508965730667
674007488	-0,192217826843262
676007488	-0,194271236658096
678007488	-0,194785356521606
680007488	-0,195340752601624
682007488	-0,194389313459396
684007488	-0,19511467218399
686007488	-0,195706114172935
688007424	-0,197836637496948
690007424	-0,199417233467102
692007424	-0,201856508851051
694007424	-0,203439980745316
696007424	-0,204770877957344
698007424	-0,205636009573936
700007424	-0,205879867076874
702007424	-0,205256953835487
704007424	-0,206527695059776
706007424	-0,206231892108917
708007424	-0,206931710243225
710007424	-0,207641690969467
712007424	-0,208909064531326
714007424	-0,210772812366486
716007360	-0,212383359670639
718007360	-0,213768184185028
720007360	-0,213480025529861
722007360	-0,213660448789597
724007360	-0,213899239897728
726007360	-0,215422794222832
728007360	-0,216969981789589
730007360	-0,219152987003326
732007360	-0,221366256475449
734007360	-0,221140533685684
736007360	-0,220985993742943
738007360	-0,22055372595787
740007360	-0,220070481300354
742007360	-0,219414740800858
744007296	-0,220764011144638
746007296	-0,222603216767311
748007296	-0,224795043468475
750007296	-0,225730702280998
752007296	-0,225587785243988
754007296	-0,225909233093262
756007296	-0,22552827000618
758007296	-0,226356148719788
760007296	-0,226887002587318
762007296	-0,227159097790718
764007296	-0,22862708568573
766007296	-0,230244636535645
768007296	-0,23072524368763
770007296	-0,230853408575058
772007232	-0,230699196457863
774007232	-0,232924461364746
776007232	-0,234227448701859
778007232	-0,23665788769722
780007232	-0,239971414208412
782007232	-0,241875931620598
784007232	-0,242303922772408
786007232	-0,243266507983208
788007232	-0,242854952812195
790007232	-0,240555822849274
792007232	-0,237763524055481
794007232	-0,236928164958954
796007232	-0,236465856432915
798007232	-0,236282825469971
800007168	-0,237451702356339
802007168	-0,239930957555771
804007168	-0,242024436593056
806007168	-0,247850269079208
808007168	-0,252727508544922
810007168	-0,257338672876358
812007168	-0,260748147964478
814007168	-0,261970996856689
816007168	-0,259647041559219
818007168	-0,256698787212372
820007168	-0,251778274774551
822007168	-0,247211590409279
824007168	-0,243826076388359
826007168	-0,242157518863678
828007168	-0,242134630680084
830007104	-0,242788404226303
832007104	-0,242917776107788
834007104	-0,243587031960487
836007104	-0,243738755583763
838007104	-0,245049238204956
840007104	-0,244625359773636
842007104	-0,244482100009918
844007104	-0,245525851845741
846007104	-0,244466662406921
848007104	-0,242127180099487
850007104	-0,241025298833847
852007104	-0,239588752388954
854007104	-0,240112453699112
856007104	-0,244753152132034
858007040	-0,253047317266464
860007040	-0,261147707700729
862007040	-0,270252197980881
864007040	-0,275049567222595
866007040	-0,276596218347549
868007040	-0,273384630680084
870007040	-0,265152722597122
872007040	-0,258006900548935
874007040	-0,251189917325974
876007040	-0,246366292238235
878007040	-0,243279278278351
880007040	-0,243786156177521
882007040	-0,244011372327805
884007040	-0,245575398206711
886006976	-0,24837926030159
888006976	-0,250859528779984
890006976	-0,254674792289734
892006976	-0,25796639919281
894006976	-0,262102782726288
896006976	-0,264003068208694
898006976	-0,263219654560089
900006976	-0,260546982288361
902006976	-0,254071861505508
904006976	-0,247206777334213
906006976	-0,240879446268082
908006976	-0,235886514186859
910006976	-0,234820514917374
912006976	-0,234440729022026
914006912	-0,235996082425117
916006912	-0,238438755273819
918006912	-0,240904971957207
920006912	-0,241038575768471
922006912	-0,240692630410194
924006912	-0,239062964916229
926006912	-0,237421378493309
928006912	-0,236573845148087
930006912	-0,234264150261879
932006912	-0,233358427882195
934006912	-0,232579857110977
936006912	-0,233057424426079
938006912	-0,23512527346611
940006912	-0,236452549695969
942006912	-0,239116698503494
944006848	-0,241485700011253
946006848	-0,242494508624077
948006848	-0,242905527353287
950006848	-0,243189811706543
952006848	-0,242496639490128
954006848	-0,241699188947678
956006848	-0,241441547870636
958006848	-0,241295173764229
960006848	-0,241234987974167
962006848	-0,240564331412315
964006848	-0,240435525774956
966006848	-0,240921497344971
968006848	-0,241928622126579
970006848	-0,245550364255905
972006784	-0,251333802938461
974006784	-0,256046086549759
976006784	-0,258735984563828
978006784	-0,257201611995697
980006784	-0,255340665578842
982006784	-0,251010328531265
984006784	-0,246749803423882
986006784	-0,244139164686203
988006784	-0,243357002735138
990006784	-0,243881464004517
992006784	-0,244620561599731
994006784	-0,244894802570343
996006784	-0,244735047221184
998006784	-0,24225977063179
1000006720	-0,242956638336182
1002006720	-0,241960018873215
1004006720	-0,242572247982025
1006006720	-0,245218589901924
1008006720	-0,24554930627346
1010006720	-0,246319934725761
1012006720	-0,242552533745766
1014006720	-0,23904113471508
1016006720	-0,236828148365021
1018006720	-0,234265759587288
1020006720	-0,236402004957199
1022006720	-0,237781077623367
1024006720	-0,24140639603138
1026006720	-0,243448048830032
1028006656	-0,245419353246689
1030006656	-0,246934607625008
1032006656	-0,246386528015137
1034006656	-0,246792405843735
1036006656	-0,245911449193954
1038006656	-0,246811032295227
1040006656	-0,246380120515823
1042006656	-0,245392739772797
1044006656	-0,245821446180344
1046006656	-0,245875239372253
1048006656	-0,247475266456604
1050006656	-0,250198215246201
1052006656	-0,254088908433914
1054006656	-0,25768905878067
1056006656	-0,262198269367218
1058006592	-0,266706109046936
1060006592	-0,270963132381439
1062006592	-0,274522721767426
1064006592	-0,276115238666534
1066006592	-0,277226358652115
1068006592	-0,276901960372925
1070006592	-0,274525910615921
1072006592	-0,272148966789246
1074006528	-0,269171327352524
1076006528	-0,266240060329437
1078006528	-0,265517294406891
1080006528	-0,263109177350998
1082006528	-0,264376133680344
1084006528	-0,265665143728256
1086006528	-0,268648535013199
1088006528	-0,273031532764435
1090006528	-0,277588248252869
1092006528	-0,281919062137604
1094006528	-0,286188364028931
1096006528	-0,28660786151886
1098006528	-0,288091242313385
1100006528	-0,287317395210266
1102006528	-0,285210311412811
1104006528	-0,283607065677643
1106006528	-0,282704174518585
1108006528	-0,280104160308838
1110006528	-0,278783559799194
1112006528	-0,275858700275421
1114006528	-0,274491727352142
1116006528	-0,274355471134186
1118006528	-0,275976777076721
1120006528	-0,279435247182846
1122006528	-0,284022659063339
1124006528	-0,286590158939362
1126006528	-0,289357036352158
1128006400	-0,288774698972702
1130006400	-0,288085877895355
1132006400	-0,28791731595993
1134006400	-0,291519194841385
1136006400	-0,298094630241394
1138006400	-0,306816965341568
1140006400	-0,316798508167267
1142006400	-0,324333012104034
1144006400	-0,329159319400787
1146006400	-0,330676317214966
1148006400	-0,329142659902573
1150006400	-0,322955220937729
1152006400	-0,315520137548447
1154006400	-0,309845596551895
1156006400	-0,306518197059631
1158006400	-0,305187702178955
1160006400	-0,304753422737122
1162006400	-0,306058615446091
1164006400	-0,310074746608734
1166006400	-0,316459685564041
1168006400	-0,324527621269226
1170006400	-0,335880070924759
1172006400	-0,347604751586914
1174006400	-0,357363045215607
1176006400	-0,363120466470718
1178006400	-0,361295580863953
1180006400	-0,356072753667831
1182006400	-0,34504234790802
1184006400	-0,334128677845001
1186006272	-0,324948966503143
1188006272	-0,321096777915955
1190006272	-0,320341467857361
1192006272	-0,321522235870361
1194006272	-0,322712898254395
1196006272	-0,327242016792297
1198006272	-0,331436842679977
1200006272	-0,336013555526733
1202006272	-0,339286625385284
1204006272	-0,34465503692627
1206006272	-0,346046507358551
1208006272	-0,344246685504913
1210006272	-0,341699779033661
1212006272	-0,337292850017548
1214006272	-0,334121137857437
1216006272	-0,335800468921661
1218006272	-0,341105341911316
1220006272	-0,348372131586075
1222006272	-0,356095910072327
1224006272	-0,362465143203735
1226006272	-0,364316254854202
1228006272	-0,3641597032547
1230006272	-0,365768730640411
1232006272	-0,363616615533829
1234006272	-0,364328145980835
1236006272	-0,365388065576553
1238006272	-0,364593833684921
1240006272	-0,362437099218369
1242006144	-0,36030900478363
1244006144	-0,360682457685471
1246006144	-0,364370793104172
1248006144	-0,372805953025818
1250006144	-0,386912792921066
1252006144	-0,401019752025604
1254006144	-0,413249105215073
1256006144	-0,418027877807617
1258006144	-0,413523852825165
1260006144	-0,404442131519318
1262006144	-0,390674024820328
1264006144	-0,379717528820038
1266006144	-0,373263716697693
1268006144	-0,370996296405792
1270006144	-0,371954292058945
1272006144	-0,373522639274597
1274006144	-0,375543117523193
1276006144	-0,374613881111145
1278006144	-0,375778257846832
1280006144	-0,377760946750641
1282006144	-0,37967050075531
1284006144	-0,383593589067459
1286006144	-0,383246779441834
1288006144	-0,379715323448181
1290006144	-0,369859516620636
1292006144	-0,357203364372253
1294006144	-0,345629006624222
1296006144	-0,338514149188995
1298006016	-0,338554501533508
1300006016	-0,345386564731598
1302006016	-0,356074899435043
1304006016	-0,36998975276947
1306006016	-0,381617218255997
1308006016	-0,388550907373428
1310006016	-0,391325503587723
1312006016	-0,39010214805603
1314006016	-0,385947674512863
1316006016	-0,379356205463409
1318006016	-0,371909469366074
1320006016	-0,363858997821808
1322006016	-0,357712626457214
1324006016	-0,352625668048859
1326006016	-0,349883377552032
1328006016	-0,351875185966492
1330006016	-0,358215987682343
1332006016	-0,367863595485687
1334006016	-0,379524976015091
1336006016	-0,388923406600952
1338006016	-0,394097238779068
1340006016	-0,393559217453003
1342006016	-0,388723611831665
1344006016	-0,382784157991409
1346006016	-0,377333760261536
1348006016	-0,374924182891846
1350006016	-0,37539279460907
1352006016	-0,37734454870224
1354006016	-0,378724575042725
1356005888	-0,378783524036407
1358005888	-0,377575993537903
1360005888	-0,376377284526825
1362005888	-0,374442577362061
1364005888	-0,369770407676697
1366005888	-0,365827053785324
1368005888	-0,358607709407806
1370005888	-0,34977987408638
1372005888	-0,342111229896545
1374005888	-0,335910797119141
1376005888	-0,334003865718842
1378005888	-0,338056057691574
1380005888	-0,346787869930267
1382005888	-0,359037160873413
1384005888	-0,370710462331772
1386005888	-0,376745492219925
1388005888	-0,379070103168488
1390005888	-0,372858375310898
1392005888	-0,362038195133209
1394005888	-0,350414335727692
1396005888	-0,339352309703827
1398005888	-0,329254508018494
1400005888	-0,324380844831467
1402005888	-0,322502821683884
1404005888	-0,322669327259064
1406005888	-0,323206663131714
1408005888	-0,325891673564911
1410005888	-0,32902005314827
1412005760	-0,335803687572479
1414005760	-0,344485342502594
1416005760	-0,354483306407928
1418005760	-0,364181846380234
1420005760	-0,371265411376953
1422005760	-0,37385767698288
1424005760	-0,372758984565735
1426005760	-0,370266884565353
1428005760	-0,366350829601288
1430005760	-0,361800163984299
1432005760	-0,355913072824478
1434005760	-0,351890295743942
1436005760	-0,346750676631927
1438005760	-0,339567095041275
1440005760	-0,335852682590485
1442005760	-0,331991344690323
1444005760	-0,329590022563934
1446005760	-0,331509977579117
1448005760	-0,335363477468491
1450005760	-0,341453194618225
1452005760	-0,347953975200653
1454005760	-0,353477597236633
1456005760	-0,35938087105751
1458005760	-0,363612294197083
1460005760	-0,36521252989769
1462005760	-0,365206599235535
1464005760	-0,360641449689865
1466005760	-0,356613755226135
1468005760	-0,347865045070648
1470005632	-0,339907377958298
1472005632	-0,330257385969162
1474005632	-0,32215142250061
1476005632	-0,315756857395172
1478005632	-0,311573922634125
1480005632	-0,312963873147964
1482005632	-0,316721737384796
1484005632	-0,319975674152374
1486005632	-0,325968027114868
1488005632	-0,332418501377106
1490005632	-0,336983382701874
1492005632	-0,340126484632492
1494005632	-0,34513121843338
1496005632	-0,351105332374573
1498005632	-0,358506768941879
1500005632	-0,364918828010559
1502005632	-0,37014427781105
1504005632	-0,373752295970917
1506005632	-0,374590635299683
1508005632	-0,374182015657425
1510005632	-0,374890089035034
1512005632	-0,374546319246292
1514005632	-0,374149560928345
1516005632	-0,371875405311584
1518005632	-0,36703234910965
1520005632	-0,361523330211639
1522005632	-0,355454087257385
1524005632	-0,352563709020615
1526005504	-0,355377495288849
1528005504	-0,363483279943466
1530005504	-0,37676277756691
1532005504	-0,392877280712128
1534005504	-0,405519932508469
1536005504	-0,410950005054474
1538005504	-0,410571217536926
1540005504	-0,404782176017761
1542005504	-0,397202521562576
1544005504	-0,391368269920349
1546005504	-0,386676222085953
1548005504	-0,38510662317276
1550005504	-0,385160744190216
1552005504	-0,383965909481049
1554005504	-0,379798114299774
1556005504	-0,375587970018387
1558005504	-0,370887160301209
1560005504	-0,37030902504921
1562005504	-0,372748196125031
1564005504	-0,374185264110565
1566005504	-0,3761285841465
1568005504	-0,375806927680969
1570005504	-0,372539013624191
1572005504	-0,365525752305985
1574005504	-0,361753761768341
1576005504	-0,360576659440994
1578005504	-0,363911926746368
1580005504	-0,373020529747009
1582005504	-0,385458946228027
1584005376	-0,396450340747833
1586005376	-0,407450199127197
1588005376	-0,414455652236938
1590005376	-0,418763399124146
1592005376	-0,421318858861923
1594005376	-0,421925932168961
1596005376	-0,420526564121246
1598005376	-0,416764885187149
1600005376	-0,411733865737915
1602005376	-0,402946889400482
1604005376	-0,394248902797699
1606005376	-0,388860642910004
1608005376	-0,387340933084488
1610005376	-0,395305931568146
1612005376	-0,40727499127388
1614005376	-0,419803321361542
1616005376	-0,428955584764481
1618005376	-0,431592404842377
1620005376	-0,429313451051712
1622005376	-0,425712168216705
1624005376	-0,424931973218918
1626005376	-0,429386347532272
1628005376	-0,436564654111862
1630005376	-0,446286618709564
1632005376	-0,450377404689789
1634005376	-0,44959768652916
1636005376	-0,440889954566956
1638005376	-0,431448757648468
1640005248	-0,422915101051331
1642005248	-0,417342841625214
1644005248	-0,415141522884369
1646005248	-0,412080764770508
1648005248	-0,407198429107666
1650005248	-0,399536460638046
1652005248	-0,394769549369812
1654005248	-0,391964018344879
1656005248	-0,395707458257675
1658005248	-0,4077188372612
1660005248	-0,426959544420242
1662005248	-0,444384753704071
1664005248	-0,460454970598221
1666005248	-0,467775911092758
1668005248	-0,467343747615814
1670005248	-0,459116518497467
1672005248	-0,448831170797348
1674005248	-0,436704516410828
1676005248	-0,427203208208084
1678005248	-0,419715821743011
1680005248	-0,415086150169373
1682005248	-0,410857230424881
1684005248	-0,40732216835022
1686005248	-0,405726611614227
1688005248	-0,406770974397659
1690005248	-0,414130926132202
1692005248	-0,423258662223816
1694005248	-0,436615288257599
1696005120	-0,44849094748497
1698005120	-0,456111162900925
1700005120	-0,460593104362488
1702005120	-0,461998909711838
1704005120	-0,463632166385651
1706005120	-0,466355413198471
1708005120	-0,470146864652634
1710005120	-0,473567664623261
1712005120	-0,476752400398254
1714005120	-0,472328901290894
1716005120	-0,466191589832306
1718005120	-0,45515313744545
1720005120	-0,444705158472061
1722005120	-0,437243014574051
1724005120	-0,434732407331467
1726005120	-0,434859722852707
1728005120	-0,436386108398438
1730005120	-0,437828868627548
1732005120	-0,43823778629303
1734005120	-0,440063148736954
1736005120	-0,443927615880966
1738005120	-0,453670352697372
1740005120	-0,466945439577103
1742005120	-0,481305152177811
1744005120	-0,490848422050476
1746005120	-0,495275884866714
1748005120	-0,488567024469376
1750005120	-0,473794013261795
1752005120	-0,454599916934967
1754004992	-0,439429819583893
1756004992	-0,428480684757233
1758004992	-0,423396766185761
1760004992	-0,426149904727936
1762004992	-0,428691744804382
1764004992	-0,432334542274475
1766004992	-0,433598697185516
1768004992	-0,436510741710663
1770004992	-0,439661771059036
1772004992	-0,444844663143158
1774004992	-0,452368974685669
1776004992	-0,460011690855026
1778004992	-0,463179469108582
1780004992	-0,463382005691528
1782004992	-0,458873629570007
1784004992	-0,452811777591705
1786004992	-0,447815537452698
1788004992	-0,445749282836914
1790004992	-0,446777105331421
1792004992	-0,448386251926422
1794004992	-0,448585867881775
1796004992	-0,445846259593964
1798004992	-0,438521981239319
1800004992	-0,431027680635452
1802004992	-0,422963529825211
1804004992	-0,419597923755646
1806004992	-0,419433891773224
1808004992	-0,423630475997925
1810004864	-0,427970558404922
1812004864	-0,432786226272583
1814004864	-0,434514701366425
1816004864	-0,435388267040253
1818004864	-0,438545942306519
1820004864	-0,442062169313431
1822004864	-0,447365820407867
1824004864	-0,455096930265427
1826004864	-0,456962913274765
1828004864	-0,456580460071564
1830004864	-0,448401004076004
1832004864	-0,436664253473282
1834004864	-0,422568380832672
1836004864	-0,410210251808167
1838004864	-0,400024354457855
1840004864	-0,397513091564178
1842004864	-0,397386252880096
1844004864	-0,398459911346436
1846004864	-0,399338603019714
1848004864	-0,398382425308228
1850004864	-0,395849943161011
1852004864	-0,39509192109108
1854004864	-0,397580832242966
1856004864	-0,402040183544159
1858004864	-0,408073127269745
1860004864	-0,415449976921082
1862004864	-0,420146733522415
1864004864	-0,424826472997665
1866004864	-0,425580084323883
1868004736	-0,426486998796463
1870004736	-0,428441524505615
1872004736	-0,428974598646164
1874004736	-0,427928686141968
1876004736	-0,425724655389786
1878004736	-0,417648613452911
1880004736	-0,404594004154205
1882004736	-0,390897125005722
1884004736	-0,37560310959816
1886004736	-0,36766642332077
1888004736	-0,365160167217255
1890004736	-0,370208591222763
1892004736	-0,378529876470566
1894004736	-0,388412296772003
1896004736	-0,396019041538239
1898004736	-0,402046144008636
1900004736	-0,408878952264786
1902004736	-0,419140487909317
1904004736	-0,432526618242264
1906004736	-0,445959597826004
1908004736	-0,457528859376907
1910004736	-0,459360480308533
1912004736	-0,450321197509766
1914004736	-0,435645222663879
1916004736	-0,415808916091919
1918004736	-0,397715747356415
1920004736	-0,384619563817978
1922004736	-0,378107488155365
1924004608	-0,376355648040771
1926004608	-0,374340891838074
1928004608	-0,373361557722092
1930004608	-0,372384458780289
1932004608	-0,374157696962357
1934004608	-0,384383082389832
1936004608	-0,400922149419785
1938004608	-0,425642609596252
1940004608	-0,45444992184639
1942004608	-0,475337654352188
1944004608	-0,488235116004944
1946004608	-0,490278124809265
1948004608	-0,480543494224548
1950004608	-0,466350555419922
1952004608	-0,451399356126785
1954004608	-0,43871533870697
1956004608	-0,427158623933792
1958004608	-0,417716532945633
1960004608	-0,40739980340004
1962004608	-0,394279778003693
1964004608	-0,381394892930985
1966004608	-0,37291619181633
1968004608	-0,370085895061493
1970004608	-0,377137511968613
1972004608	-0,392778664827347
1974004608	-0,411013543605804
1976004608	-0,430535227060318
1978004608	-0,443954795598984
1980004608	-0,454471707344055
1982004480	-0,464708060026169
1984004480	-0,47616720199585
1986004480	-0,491817563772202
1988004480	-0,507587254047394
1990004480	-0,518302977085114
1992004480	-0,52004736661911
1994004480	-0,51115345954895
1996004480	-0,490670323371887
1998004480	-0,467232823371887
2000004480	-0,445904612541199
2002004480	-0,42803418636322
2004004480	-0,419906049966812
2006004480	-0,418452143669128
2008004480	-0,419329524040222
2010004480	-0,422173768281937
2012004480	-0,428457289934158
2014004480	-0,441290318965912
2016004480	-0,462816834449768
2018004480	-0,492973059415817
2020004480	-0,524968266487122
2022004480	-0,553176641464233
2024004480	-0,566896498203278
2026004480	-0,568264961242676
2028004480	-0,552647531032562
2030004480	-0,527833044528961
2032004480	-0,499808758497238
2034004480	-0,475681066513062
2036004480	-0,459231704473495
2038004352	-0,449988603591919
2040004352	-0,444905698299408
2042004352	-0,441158443689346
2044004352	-0,440884530544281
2046004352	-0,44252410531044
2048004352	-0,452379316091537
2050004352	-0,466443419456482
2052004352	-0,489682704210281
2054004352	-0,50980931520462
2056004352	-0,525718450546265
2058004352	-0,529079794883728
2060004352	-0,524413347244263
2062004352	-0,515808343887329
2064004352	-0,507949471473694
2066004352	-0,505973160266876
2068004352	-0,514306366443634
2070004352	-0,526113986968994
2072004352	-0,536696672439575
2074004352	-0,541274428367615
2076004352	-0,535693883895874
2078004352	-0,523818850517273
2080004352	-0,509973526000977
2082004352	-0,497614413499832
2084004352	-0,4899982213974
2086004352	-0,486435741186142
2088004352	-0,487979918718338
2090004352	-0,488584518432617
2092004352	-0,492622375488281
2094004352	-0,501771628856659
2096004224	-0,518446922302246
2098004224	-0,544372081756592
2100004224	-0,574926197528839
2102004224	-0,603733658790588
2104004224	-0,62630307674408
2106004224	-0,635909080505371
2108004224	-0,628125071525574
2110004224	-0,608301818370819
2112004224	-0,579167127609253
2114004224	-0,55144476890564
2116004224	-0,529769778251648
2118004224	-0,517947375774384
2120004224	-0,514723837375641
2122004224	-0,515594005584717
2124004224	-0,521044552326202
2126004224	-0,527605831623077
2128004224	-0,534544765949249
2130004224	-0,544488966464996
2132004224	-0,558592796325684
2134004224	-0,569938242435455
2136004224	-0,579706788063049
2138004224	-0,581986665725708
2140004224	-0,575316190719604
2142004224	-0,563794016838074
2144004224	-0,550938308238983
2146004224	-0,544052362442017
2148004096	-0,548552930355072
2150004224	-0,557747006416321
2152004096	-0,571963489055634
2154004224	-0,582291662693024
2156004096	-0,586286425590515
2158004224	-0,579998970031738
2160004096	-0,56754207611084
2162004224	-0,551808953285217
2164004096	-0,537813067436218
2166004224	-0,52884703874588
2168004096	-0,524842858314514
2170004224	-0,52311784029007
2172004096	-0,523755073547363
2174004224	-0,527317523956299
2176004096	-0,536579430103302
2178004224	-0,554035127162933
2180004096	-0,579387903213501
2182003968	-0,614237070083618
2184004096	-0,64664888381958
2186003968	-0,675122618675232
2188004096	-0,68799763917923
2190003968	-0,685498058795929
2192004096	-0,666335165500641
2194003968	-0,638597249984741
2196004096	-0,607969224452972
2198003968	-0,58066862821579
2200004096	-0,561914920806885
2202003968	-0,550717175006866
2204004096	-0,545564949512482
2206003968	-0,544178664684296
2208004096	-0,546282291412354
2210003968	-0,547982156276703
2212004096	-0,553315043449402
2214003968	-0,561646461486816
2216004096	-0,572718858718872
2218003968	-0,580948770046234
2220004096	-0,587744355201721
2222003968	-0,592239856719971
2224004096	-0,593532383441925
2226003968	-0,591471612453461
2228004096	-0,587368726730347
2230003968	-0,584009766578674
2232004096	-0,579016089439392
2234003968	-0,574326634407043
2236004096	-0,565269708633423
2238003968	-0,547723054885864
2240003840	-0,52808666229248
2242003968	-0,50553297996521
2244003840	-0,488154053688049
2246003968	-0,477192133665085
2248003840	-0,477624803781509
2250003968	-0,48614227771759
2252003840	-0,496828824281693
2254003968	-0,507792472839355
2256003840	-0,51895147562027
2258003968	-0,530044913291931
2260003840	-0,54545259475708
2262003968	-0,5655277967453
2264003840	-0,593129992485046
2266003968	-0,620340824127197
2268003840	-0,640785694122314
2270003968	-0,64680552482605
2272003840	-0,639027953147888
2274003968	-0,615763008594513
2276003840	-0,580851316452026
2278003968	-0,548024654388428
2280003840	-0,518665075302124
2282003968	-0,500011682510376
2284003840	-0,488459646701813
2286003968	-0,484751641750336
2288003840	-0,484317004680634
2290003968	-0,49236923456192
2292003840	-0,50688910484314
2294003712	-0,531160950660706
2296003840	-0,563411235809326
2298003712	-0,599443674087524
2300003840	-0,630618274211884
2302003712	-0,650182902812958
2304003840	-0,652939021587372
2306003712	-0,635452330112457
2308003840	-0,608301281929016
2310003712	-0,573932230472565
2312003840	-0,539654016494751
2314003712	-0,510724067687988
2316003840	-0,487516105175018
2318003712	-0,466855317354202
2320003840	-0,447944730520248
2322003712	-0,42960399389267
2324003840	-0,418071299791336
2326003712	-0,416627466678619
2328003840	-0,427371799945831
2330003712	-0,448580354452133
2332003840	-0,477547645568848
2334003712	-0,502536356449127
2336003840	-0,518622279167175
2338003712	-0,523945391178131
2340003840	-0,518133103847504
2342003712	-0,511655330657959
2344003840	-0,505257546901703
2346003712	-0,509445309638977
2348003840	-0,513728022575378
2350003712	-0,520215034484863
2352003584	-0,520453095436096
2354003712	-0,510433077812195
2356003584	-0,493951261043549
2358003712	-0,477215677499771
2360003584	-0,461876630783081
2362003712	-0,453978598117828
2364003584	-0,452691316604614
2366003712	-0,457532107830048
2368003584	-0,460547208786011
2370003712	-0,46660840511322
2372003584	-0,477063059806824
2374003712	-0,498335897922516
2376003584	-0,532202363014221
2378003712	-0,578377962112427
2380003584	-0,628669321537018
2382003712	-0,669397354125977
2384003584	-0,691821575164795
2386003712	-0,689978301525116
2388003584	-0,662786722183228
2390003712	-0,621197164058685
2392003584	-0,570421397686005
2394003712	-0,522982537746429
2396003584	-0,487088412046433
2398003712	-0,463320344686508
2400003584	-0,448681175708771
2402003712	-0,442410260438919
2404003584	-0,443661689758301
2406003712	-0,451322972774506
2408003584	-0,468875288963318
2410003456	-0,49606192111969
2412003584	-0,528467953205109
2414003456	-0,557706594467163
2416003584	-0,577353715896606
2418003456	-0,57795238494873
2420003584	-0,561672925949097
2422003456	-0,534922480583191
2424003584	-0,505630135536194
2426003456	-0,483727484941483
2428003584	-0,473772138357162
2430003456	-0,474786430597305
2432003584	-0,48121052980423
2434003456	-0,490283071994781
2436003584	-0,492956668138504
2438003456	-0,495720446109772
2440003584	-0,50019371509552
2442003456	-0,506383061408997
2444003584	-0,515718758106232
2446003456	-0,527917206287384
2448003584	-0,532145142555237
2450003456	-0,532033383846283
2452003584	-0,528126239776611
2454003456	-0,529260218143463
2456003584	-0,543876647949219
2458003456	-0,576986312866211
2460003584	-0,623202204704285
2462003456	-0,672900795936584
2464003584	-0,713403284549713
2466003456	-0,733682155609131
2468003328	-0,73162168264389
2470003456	-0,704988598823547
2472003328	-0,668645799160004
2474003456	-0,62779176235199
2476003328	-0,59475976228714
2478003456	-0,570027768611908
2480003328	-0,555496513843536
2482003456	-0,550798833370209
2484003328	-0,55459862947464
2486003456	-0,566919803619385
2488003328	-0,587038576602936
2490003456	-0,614654302597046
2492003328	-0,647551298141479
2494003456	-0,675475656986237
2496003328	-0,696105897426605
2498003456	-0,700449049472809
2500003328	-0,689482927322388
2502003456	-0,666718006134033
2504003328	-0,636420488357544
2506003456	-0,612565755844116
2508003328	-0,598859548568726
2510003456	-0,596176981925964
2512003328	-0,603411734104156
2514003456	-0,61423921585083
2516003328	-0,622271656990051
2518003456	-0,625220894813538
2520003328	-0,623723328113556
2522003200	-0,620240151882172
2524003328	-0,615809679031372
2526003200	-0,613392472267151
2528003328	-0,611984670162201
2530003200	-0,609464704990387
2532003328	-0,606349170207977
2534003200	-0,604794323444366
2536003328	-0,610905349254608
2538003200	-0,627196311950684
2540003328	-0,656546413898468
2542003200	-0,694524705410004
2544003328	-0,734998226165771
2546003200	-0,766960978507996
2548003328	-0,782545804977417
2550003200	-0,781298339366913
2552003328	-0,763169527053833
2554003200	-0,737345814704895
2556003328	-0,710142910480499
2558003200	-0,687576234340668
2560003328	-0,669966042041779
2562003200	-0,661764800548553
2564003328	-0,657786071300507
2566003200	-0,662413001060486
2568003328	-0,675082325935364
2570003200	-0,704784274101257
2572003328	-0,744143724441528
2574003200	-0,788703858852386
2576003328	-0,83648955821991
2578003200	-0,872035086154938
2580003072	-0,890653252601624
2582003200	-0,889902055263519
2584003072	-0,87208092212677
2586003200	-0,843515455722809
2588003072	-0,807624757289886
2590003200	-0,774316310882568
2592003072	-0,744141399860382
2594003200	-0,717894494533539
2596003072	-0,695289731025696
2598003200	-0,675306081771851
2600003072	-0,657278537750244
2602003200	-0,642378211021423
2604003072	-0,636405408382416
2606003200	-0,642047047615051
2608003072	-0,658335149288177
2610003200	-0,684733986854553
2612003072	-0,709636807441711
2614003200	-0,731625616550446
2616003072	-0,743593692779541
2618003200	-0,747535765171051
2620003072	-0,747979938983917
2622003200	-0,752196669578552
2624003072	-0,758541822433472
2626003200	-0,770415186882019
2628003072	-0,781197011470795
2630003200	-0,78447949886322
2632003072	-0,778686285018921
2634003200	-0,762523353099823
2636003072	-0,743506908416748
2638002944	-0,722703278064728
2640003072	-0,708636879920959
2642002944	-0,701298713684082
2644003072	-0,699471950531006
2646002944	-0,698605179786682
2648003072	-0,699091017246246
2650002944	-0,700590908527374
2652003072	-0,710330605506897
2654002944	-0,729568958282471
2656003072	-0,759021937847137
2658002944	-0,796624660491943
2660003072	-0,831038594245911
2662002944	-0,853340148925781
2664003072	-0,853941082954407
2666002944	-0,834969341754913
2668003072	-0,797596216201782
2670002944	-0,752783894538879
2672003072	-0,708968162536621
2674002944	-0,674262046813965
2676003072	-0,647792875766754
2678002944	-0,626723170280457
2680003072	-0,612070798873901
2682002944	-0,602985620498657
2684003072	-0,601572275161743
2686002944	-0,612128615379334
2688003072	-0,63546895980835
2690002944	-0,673238098621368
2692002816	-0,712865471839905
2694002944	-0,746872901916504
2696002816	-0,767306447029114
2698002944	-0,763531267642975
2700002816	-0,744019091129303
2702002944	-0,7117959856987
2704002816	-0,674156844615936
2706002944	-0,645898699760437
2708002816	-0,625237703323364
2710002944	-0,612839639186859
2712002816	-0,608773946762085
2714002944	-0,607946455478668
2716002816	-0,610567092895508
2718002944	-0,617631077766418
2720002816	-0,628081083297729
2722002944	-0,642682611942291
2724002816	-0,655274510383606
2726002944	-0,6639803647995
2728002816	-0,665710210800171
2730002944	-0,657299160957336
2732002816	-0,645424664020538
2734002944	-0,638057291507721
2736002816	-0,641068279743195
2738002944	-0,654739201068878
2740002816	-0,674665451049805
2742002944	-0,694855690002441
2744002816	-0,706473290920258
2746002944	-0,704275488853455
2748002816	-0,688236951828003
2750002688	-0,662434160709381
2752002816	-0,635235667228699
2754002688	-0,610078930854797
2756002816	-0,589073956012726
2758002688	-0,574510216712952
2760002816	-0,561572909355164
2762002688	-0,548298120498657
2764002816	-0,541136026382446
2766002688	-0,541025340557098
2768002816	-0,555863499641418
2770002688	-0,581440269947052
2772002816	-0,617020726203918
2774002688	-0,650736927986145
2776002816	-0,673734903335571
2778002688	-0,676088392734528
2780002816	-0,661376655101776
2782002688	-0,62563157081604
2784002816	-0,58444607257843
2786002688	-0,54223370552063
2788002816	-0,511270940303802
2790002688	-0,492541313171387
2792002816	-0,484467566013336
2794002688	-0,485839486122131
2796002816	-0,496161103248596
2798002688	-0,514189958572388
2800002816	-0,535209894180298
2802002688	-0,565052092075348
2804002816	-0,592625021934509
2806002688	-0,614912688732147
2808002560	-0,624906659126282
2810002688	-0,615907490253448
2812002560	-0,591076493263245
2814002688	-0,557810425758362
2816002560	-0,527255952358246
2818002688	-0,5063117146492
2820002560	-0,502190113067627
2822002688	-0,510700464248657
2824002560	-0,527629435062408
2826002688	-0,5435431599617
2828002560	-0,55417263507843
2830002688	-0,556897401809692
2832002560	-0,554340898990631
2834002688	-0,547934770584106
2836002560	-0,538195848464966
2838002688	-0,529768645763397
2840002560	-0,516304433345795
2842002688	-0,502732157707214
2844002560	-0,486883103847504
2846002688	-0,481671243906021
2848002560	-0,48585370182991
2850002688	-0,504290699958801
2852002560	-0,533667147159576
2854002688	-0,566090285778046
2856002560	-0,59282398223877
2858002688	-0,605778455734253
2860002560	-0,597667038440704
2862002688	-0,576890051364899
2864002560	-0,545257449150085
2866002432	-0,51379668712616
2868002560	-0,490278124809265
2870002432	-0,474263697862625
2872002560	-0,47050267457962
2874002432	-0,469638109207153
2876002560	-0,473057597875595
2878002432	-0,479844778776169
2880002560	-0,494482278823853
2882002432	-0,521374940872192
2884002560	-0,548814296722412
2886002432	-0,582140564918518
2888002560	-0,608850479125977
2890002432	-0,620767951011658
2892002560	-0,615217804908752
2894002432	-0,594306826591492
2896002560	-0,564343214035034
2898002432	-0,538194239139557
2900002560	-0,520539879798889
2902002432	-0,518653035163879
2904002560	-0,525644242763519
2906002432	-0,538500487804413
2908002560	-0,553374171257019
2910002432	-0,565531671047211
2912002560	-0,573395252227783
2914002432	-0,581870436668396
2916002560	-0,590870320796967
2918002432	-0,600782752037048
2920002304	-0,606784343719482
2922002432	-0,608172476291656
2924002304	-0,601686000823975
2926002432	-0,591240525245667
2928002304	-0,581898629665375
2930002432	-0,580517590045929
2932002304	-0,586211144924164
2934002432	-0,602999985218048
2936002304	-0,627117156982422
2938002432	-0,646574735641479
2940002304	-0,658527255058289
2942002432	-0,656271696090698
2944002304	-0,643890202045441
2946002432	-0,626087248325348
2948002304	-0,608982086181641
2950002432	-0,595987915992737
2952002304	-0,590701341629028
2954002432	-0,584045171737671
2956002304	-0,582361996173859
2958002432	-0,579411089420319
2960002304	-0,57897561788559
2962002432	-0,587524950504303
2964002304	-0,609806776046753
2966002432	-0,645509421825409
2968002304	-0,688894331455231
2970002432	-0,734920501708984
2972002304	-0,771992087364197
2974002432	-0,792064666748047
2976002304	-0,794319450855255
2978002176	-0,778298914432526
2980002304	-0,753515064716339
2982002176	-0,726729273796082
2984002304	-0,703012943267822
2986002176	-0,68475866317749
2988002304	-0,671112537384033
2990002176	-0,66040050983429
2992002304	-0,656396806240082
2994002176	-0,660464227199554
2996002304	-0,678785741329193
2998002176	-0,709001958370209
3000002304	-0,749078691005707
3002002176	-0,790409982204437
3004002304	-0,823428511619568
3006002176	-0,839405298233032
3008002304	-0,840621650218964
3010002176	-0,827832877635956
3012002304	-0,807391285896301
3014002176	-0,790807485580444
3016002304	-0,782580316066742
3018002176	-0,779094636440277
3020002304	-0,779098570346832
3022002176	-0,775822043418884
3024002304	-0,76717472076416
3026002176	-0,754944801330566
3028002304	-0,74280709028244
3030002176	-0,737237632274628
3032002304	-0,741933524608612
3034002176	-0,749652624130249
3036002048	-0,756284952163696
3038002176	-0,758212327957153
3040002048	-0,749866008758545
3042002176	-0,738378882408142
3044002048	-0,727892875671387
3046002176	-0,728839874267578
3048002048	-0,746907889842987
3050002176	-0,779052734375
3052002048	-0,814222574234009
3054002176	-0,838655352592468
3056002048	-0,843304872512817
3058002176	-0,823411405086517
3060002048	-0,788872241973877
3062002176	-0,748523950576782
3064002048	-0,713929891586304
3066002176	-0,692668676376343
3068002048	-0,684512138366699
3070002176	-0,683032274246216
3072002048	-0,687501192092896
3074002176	-0,700565278530121
3076002048	-0,724526941776276
3078002176	-0,770556688308716
3080002048	-0,833809018135071
3082002176	-0,907149791717529
3084002048	-0,973412990570068
3086002176	-1,01423788070679
3088002048	-1,01642537117004
3090001920	-0,984351336956024
3092002048	-0,925132274627686
3094001920	-0,85362696647644
3096002048	-0,788423299789429
3098001920	-0,741459250450134
3100002048	-0,714526832103729
3102001920	-0,704908311367035
3104002048	-0,706625521183014
3106001920	-0,71203088760376
3108002048	-0,723372757434845
3110001920	-0,740806996822357
3112002048	-0,769005537033081
3114001920	-0,802110135555267
3116002048	-0,835205316543579
3118001920	-0,853305399417877
3120002048	-0,850915372371674
3122001920	-0,825692415237427
3124002048	-0,782262623310089
3126001920	-0,734075427055359
3128002048	-0,693771123886108
3130001920	-0,671765267848969
3132002048	-0,667003154754639
3134001920	-0,67285543680191
3136002048	-0,682729244232178
3138001920	-0,683665156364441
3140002048	-0,678805828094482
3142001920	-0,66482138633728
3144002048	-0,65260636806488
3146001920	-0,648190021514893
3148001792	-0,647415816783905
3150001920	-0,651798844337463
3152001792	-0,653305649757385
3154001920	-0,652163147926331
3156001792	-0,647057056427002
3158001920	-0,648007094860077
3160001792	-0,659233212471008
3162001920	-0,683361053466797
3164001792	-0,716508567333221
3166001920	-0,746090948581696
3168001792	-0,761524677276611
3170001920	-0,75540566444397
3172001792	-0,727156519889832
3174001920	-0,686791241168976
3176001792	-0,643959283828735
3178001920	-0,61142635345459
3180001792	-0,596372723579407
3182001920	-0,595744490623474
3184001792	-0,60448294878006
3186001920	-0,619757533073425
3188001792	-0,637301206588745
3190001920	-0,659230947494507
3192001792	-0,688947081565857
3194001920	-0,723075747489929
3196001792	-0,756710827350616
3198001920	-0,781943559646606
3200001792	-0,788032054901123
3202001920	-0,770678877830505
3204001792	-0,734999418258667
3206001664	-0,690025985240936
3208001792	-0,646637141704559
3210001664	-0,617967367172241
3212001792	-0,608378529548645
3214001664	-0,611070394515991
3216001792	-0,618869066238403
3218001664	-0,62268602848053
3220001792	-0,619328856468201
3222001664	-0,614002585411072
3224001792	-0,610569357872009
3226001664	-0,617648839950562
3228001792	-0,634554505348206
3230001664	-0,652994871139526
3232001792	-0,666363120079041
3234001664	-0,666115522384644
3236001792	-0,651363492012024
3238001664	-0,628363788127899
3240001792	-0,608998715877533
3242001664	-0,604244828224182
3244001792	-0,618411540985107
3246001664	-0,645096242427826
3248001792	-0,675005078315735
3250001664	-0,692829608917236
3252001792	-0,692057013511658
3254001664	-0,671362578868866
3256001792	-0,638811707496643
3258001664	-0,606256484985352
3260001792	-0,58012455701828
3262001664	-0,565010547637939
3264001536	-0,556168794631958
3266001664	-0,551711201667786
3268001536	-0,550252139568329
3270001664	-0,549670815467834
3272001536	-0,558261454105377
3274001664	-0,581286430358887
3276001536	-0,616185903549194
3278001664	-0,658939361572266
3280001536	-0,698884010314941
3282001664	-0,725007593631744
3284001536	-0,730712115764618
3286001664	-0,71486759185791
3288001536	-0,685275733470917
3290001664	-0,64981347322464
3292001536	-0,614316999912262
3294001664	-0,584761738777161
3296001536	-0,561099708080292
3298001664	-0,541276037693024
3300001536	-0,522160530090332
3302001664	-0,508193254470825
3304001536	-0,501864910125732
3306001664	-0,511437356472015
3308001536	-0,537949681282043
3310001664	-0,576389372348785
3312001536	-0,62170934677124
3314001664	-0,65800279378891
3316001536	-0,678611695766449
3318001408	-0,673179984092712
3320001536	-0,6512251496315
3322001408	-0,618512749671936
3324001536	-0,587780356407166
3326001408	-0,568845331668854
3328001536	-0,568665146827698
3330001408	-0,577737748622894
3332001536	-0,588480591773987
3334001408	-0,592986404895782
3336001536	-0,587365984916687
3338001408	-0,57402241230011
3340001536	-0,560020565986633
3342001408	-0,550860106945038
3344001536	-0,546292722225189
3346001408	-0,546298861503601
3348001536	-0,545581638813019
3350001408	-0,539063990116119
3352001536	-0,535030424594879
3354001408	-0,539751529693604
3356001536	-0,563536047935486
3358001408	-0,610670447349548
3360001536	-0,677686333656311
3362001408	-0,749445497989655
3364001536	-0,811371505260468
3366001408	-0,845231771469116
3368001536	-0,846692681312561
3370001408	-0,817435145378113
3372001536	-0,764964938163757
3374001408	-0,709809303283691
3376001280	-0,653726577758789
3378001408	-0,610244989395142
3380001280	-0,577141344547272
3382001408	-0,558597683906555
3384001280	-0,555977821350098
3386001408	-0,578908622264862
3388001280	-0,628632664680481
3390001408	-0,705339014530182
3392001280	-0,80237877368927
3394001408	-0,899155735969543
3396001280	-0,976449251174927
3398001408	-1,01900100708008
3400001280	-1,0153272151947
3402001408	-0,971655011177063
3404001280	-0,901763498783112
3406001408	-0,824230432510376
3408001280	-0,759266078472137
3410001408	-0,716125071048737
3412001280	-0,6904217004776
3414001408	-0,680585563182831
3416001280	-0,677949905395508
3418001408	-0,680180251598358
3420001280	-0,690536022186279
3422001408	-0,709772169589996
3424001280	-0,740620374679565
3426001408	-0,774415373802185
3428001280	-0,804514169692993
3430001408	-0,818709850311279
3432001280	-0,813248634338379
3434001152	-0,796194553375244
3436001280	-0,777544736862183
3438001152	-0,779022812843323
3440001280	-0,806489050388336
3442001152	-0,853695571422577
3444001280	-0,910761475563049
3446001152	-0,953740119934082
3448001280	-0,968706011772156
3450001152	-0,95107638835907
3452001280	-0,911029934883118
3454001152	-0,858035802841187
3456001280	-0,811499953269959
3458001152	-0,77669495344162
3460001280	-0,761598706245422
3462001152	-0,760714948177338
3464001280	-0,768201231956482
3466001152	-0,790403127670288
3468001280	-0,830525875091553
3470001152	-0,894071102142334
3472001280	-0,980273544788361
3474001152	-1,07715713977814
3476001280	-1,16616272926331
3478001152	-1,22744631767273
3480001280	-1,24886679649353
3482001152	-1,22701454162598
3484001280	-1,16971552371979
3486001152	-1,09149980545044
3488001024	-1,01408720016479
3490001152	-0,951813459396362
3492001024	-0,910307824611664
3494001152	-0,890622973442078
3496001024	-0,886903882026672
3498001152	-0,898469030857086
3500001024	-0,920336842536926
3502001152	-0,95877480506897
3504001024	-1,01133680343628
3506001152	-1,06683957576752
3508001024	-1,11559653282166
3510001152	-1,1405668258667
3512001024	-1,13700461387634
3514001152	-1,10145401954651
3516001024	-1,0484414100647
3518001152	-0,994689583778381
3520001024	-0,956900715827942
3522001152	-0,94559633731842
3524001024	-0,952913403511047
3526001152	-0,970178008079529
3528001024	-0,979783296585083
3530001152	-0,973722219467163
3532001024	-0,951891303062439
3534001152	-0,925728321075439
3536001024	-0,904449582099915
3538001152	-0,895609200000763
3540001024	-0,897481083869934
3542001152	-0,903750419616699
3544001024	-0,906454980373383
3546000896	-0,905163288116455
3548001024	-0,902673304080963
3550000896	-0,911389291286469
3552001024	-0,937925577163696
3554000896	-0,989969372749329
3556001024	-1,05192291736603
3558000896	-1,11068320274353
3560001024	-1,15438067913055
3562000896	-1,16391181945801
3564001024	-1,14431941509247
3566000896	-1,10506868362427
3568001024	-1,06121373176575
3570000896	-1,02336502075195
3572001024	-1,00069272518158
3574000896	-0,991752624511719
3576001024	-0,985491931438446
3578000896	-0,980370342731476
3580001024	-0,98079526424408
3582000896	-0,989006996154785
3584001024	-1,01394283771515
3586000896	-1,05760502815247
3588001024	-1,11411666870117
3590000896	-1,16671931743622
3592001024	-1,1992791891098
3594000896	-1,20249283313751
3596001024	-1,1674382686615
3598000896	-1,11047065258026
3600001024	-1,04351735115051
3602000896	-0,982221126556396
3604000768	-0,938812613487244
3606000896	-0,913063943386078
3608000768	-0,893911063671112
3610000896	-0,878097176551819
3612000768	-0,859689950942993
3614000896	-0,839936196804047
3616000768	-0,828173518180847
3618000896	-0,832467555999756
3620000768	-0,843945145606995
3622000896	-0,859885334968567
3624000768	-0,87104606628418
3626000896	-0,865569412708282
3628000768	-0,833589553833008
3630000896	-0,796730220317841
3632000768	-0,761015474796295
3634000896	-0,745451211929321
3636000768	-0,754371643066406
3638000896	-0,786771893501282
3640000768	-0,830961108207703
3642000896	-0,866576731204987
3644000768	-0,887299418449402
3646000896	-0,892457485198975
3648000768	-0,882734060287476
3650000896	-0,869983911514282
3652000768	-0,857967376708984
3654000896	-0,849468052387238
3656000768	-0,839603185653687
3658000896	-0,826698541641235
3660000768	-0,81675261259079
3662000640	-0,818200170993805
3664000768	-0,828320384025574
3666000640	-0,857524394989014
3668000768	-0,928489208221436
3670000640	-1,00996422767639
3672000768	-1,09154427051544
3674000640	-1,14946174621582
3676000768	-1,1642427444458
3678000640	-1,14609503746033
3680000768	-1,09536218643188
3682000640	-1,02448034286499
3684000768	-0,937896251678467
3686000640	-0,861822128295898
3688000768	-0,802450239658356
3690000640	-0,755106866359711
3692000768	-0,726087629795074
3694000640	-0,723466217517853
3696000768	-0,717032551765442
3698000640	-0,773479878902435
3700000768	-0,840248763561249
3702000640	-0,907096385955811
3704000768	-0,979183435440063
3706000640	-1,02371442317963
3708000768	-1,01038289070129
3710000640	-0,995500147342682
3712000768	-0,915590167045593
3714000640	-0,843317568302155
3716000512	-0,769410490989685
3718000640	-0,722153544425964
3720000512	-0,707328081130981
3722000640	-0,719786942005157
3724000512	-0,740140020847321
3726000640	-0,750892698764801
3728000512	-0,742336750030518
3730000640	-0,720299422740936
3732000512	-0,693879246711731
3734000640	-0,671675264835358
3736000512	-0,657638192176819
3738000640	-0,649030685424805
3740000512	-0,640694260597229
3742000640	-0,633103787899017
3744000512	-0,63635528087616
3746000640	-0,665497839450836
3748000512	-0,734499096870422
3750000640	-0,843331754207611
3752000512	-0,978775024414063
3754000640	-1,11159455776215
3756000512	-1,21161448955536
3758000640	-1,25659227371216
3760000512	-1,24500203132629
3762000640	-1,18423438072205
3764000512	-1,10222923755646
3766000640	-1,02324664592743
3768000512	-0,960284471511841
3770000640	-0,92235392332077
3772000512	-0,901887536048889
3774000384	-0,895870268344879
3776000512	-0,905512034893036
3778000384	-0,932092547416687
3780000512	-0,976515889167786
3782000384	-1,03871440887451
3784000512	-1,11557173728943
3786000384	-1,17690789699554
3788000512	-1,20804286003113
3790000384	-1,19460093975067
3792000512	-1,13678932189941
3794000384	-1,04535007476807
3796000512	-0,942178428173065
3798000384	-0,855944633483887
3800000512	-0,800120830535889
3802000384	-0,780676960945129
3804000512	-0,779879570007324
3806000384	-0,784035325050354
3808000512	-0,781153976917267
3810000384	-0,768867611885071
3812000512	-0,759092569351196
3814000384	-0,759890973567963
3816000512	-0,782222270965576
3818000384	-0,813525438308716
3820000512	-0,844698250293732
3822000384	-0,861375689506531
3824000512	-0,856515288352966
3826000384	-0,840605199337006
3828000512	-0,824077963829041
3830000384	-0,827529907226563
3832000256	-0,862293779850006
3834000384	-0,918835282325745
3836000256	-0,977010667324066
3838000384	-1,02108669281006
3840000256	-1,03865849971771
3842000384	-1,03507435321808
3844000256	-1,02720475196838
3846000384	-1,03003013134003
3848000256	-1,05722594261169
3850000384	-1,11109852790833
3852000256	-1,18328332901001
3854000384	-1,25802648067474
3856000256	-1,31696569919586
3858000384	-1,35745596885681
3860000256	-1,38037490844727
3862000384	-1,40204071998596
3864000256	-1,42894124984741
3866000384	-1,46350955963135
3868000256	-1,49157905578613
3870000384	-1,49665343761444
3872000256	-1,47137868404388
3874000384	-1,41112434864044
3876000256	-1,33875107765198
3878000384	-1,26445817947388
3880000256	-1,21691656112671
3882000384	-1,19508159160614
3884000256	-1,20205593109131
3886000384	-1,21908891201019
3888000256	-1,22566175460815
3890000128	-1,21867549419403
3892000256	-1,20361077785492
3894000128	-1,19260203838348
3896000256	-1,19720864295959
3898000128	-1,21896028518677
3900000256	-1,24483561515808
3902000128	-1,25871956348419
3904000256	-1,24324536323547
3906000128	-1,20251381397247
3908000256	-1,13974976539612
3910000128	-1,09308135509491
3912000256	-1,05007421970367
3914000128	-1,03866016864777
3916000256	-1,05329167842865
3918000128	-1,0847555398941
3920000256	-1,12002038955688
3922000128	-1,15842854976654
3924000256	-1,20085668563843
3926000128	-1,25355768203735
3928000256	-1,32520306110382
3930000128	-1,41038596630096
3932000256	-1,49438083171844
3934000128	-1,56487393379211
3936000256	-1,6009259223938
3938000128	-1,59990382194519
3940000256	-1,57600057125092
3942000128	-1,54421544075012
3944000000	-1,52379095554352
3946000128	-1,52945137023926
3948000000	-1,5549658536911
3950000128	-1,59356534481049
3952000000	-1,6281670331955
3954000128	-1,65388059616089
3956000000	-1,66657030582428
3958000128	-1,67731499671936
3960000000	-1,69937133789063
3962000128	-1,73331260681152
3964000000	-1,77727282047272
3966000128	-1,81682062149048
3968000000	-1,83087420463562
3970000128	-1,81538724899292
3972000000	-1,76862847805023
3974000128	-1,70835781097412
3976000000	-1,65893530845642
3978000128	-1,63429808616638
3980000000	-1,63392686843872
3982000128	-1,64027166366577
3984000000	-1,6404550075531
3986000128	-1,61237812042236
3988000000	-1,55689787864685
3990000128	-1,47924649715424
3992000000	-1,39768218994141
3994000128	-1,32915377616882
3996000000	-1,2795557975769
3998000128	-1,25571870803833
4000000000	-1,24832725524902
