9000	0,103232398629189
2008995,5	-9,36841070652008E-02
4008991	-7,99997746944427E-02
6008986,5	-8,86704474687576E-02
8008982	-0,111232444643974
10008978	-0,132600411772728
12008973	-0,158346578478813
14008968	-0,171294242143631
16008964	-0,180919244885445
18008960	-0,189210832118988
20008956	-0,200536668300629
22008950	-0,207996428012848
24008946	-0,207964614033699
26008942	-0,210807830095291
28008936	-0,224892273545265
30008932	-0,241448998451233
32008928	-0,250564336776733
34008924	-0,251058280467987
36008920	-0,25935634970665
38008916	-0,266766428947449
40008912	-0,270002812147141
42008904	-0,272334307432175
44008900	-0,281850606203079
46008896	-0,293260991573334
48008892	-0,303612411022186
50008888	-0,30789989233017
52008884	-0,314477562904358
54008880	-0,321098923683167
56008872	-0,327726930379868
58008868	-0,328373730182648
60008864	-0,329836875200272
62008860	-0,336586177349091
64008856	-0,346148371696472
66008852	-0,354998886585236
68008848	-0,359646916389465
70008840	-0,364527881145477
72008840	-0,371441513299942
74008832	-0,374612241983414
76008832	-0,374915540218353
78008824	-0,377131551504135
80008816	-0,384961068630219
82008816	-0,394266784191132
84008808	-0,399421006441116
86008808	-0,403535306453705
88008800	-0,411939650774002
90008800	-0,420577645301819
92008792	-0,42114332318306
94008792	-0,417123377323151
96008784	-0,41887754201889
98008776	-0,42838391661644
100008776	-0,439083993434906
102008768	-0,444863706827164
104008768	-0,447702139616013
106008760	-0,451722711324692
108008760	-0,455599397420883
110008752	-0,458406955003738
112008752	-0,461462169885635
114008744	-0,468033254146576
116008736	-0,473083823919296
118008736	-0,476711392402649
120008728	-0,480122148990631
122008728	-0,484116107225418
124008720	-0,490667581558228
126008720	-0,495035827159882
128008712	-0,497697174549103
130008704	-0,498583197593689
132008704	-0,505449593067169
134008696	-0,511240839958191
136008688	-0,515469908714294
138008688	-0,517143428325653
140008688	-0,52243983745575
142008688	-0,53078955411911
144008672	-0,535684525966644
146008672	-0,537373602390289
148008672	-0,537455081939697
150008656	-0,543497383594513
152008656	-0,545987904071808
154008656	-0,548921346664429
156008656	-0,553597569465637
158008640	-0,560552954673767
160008640	-0,566411375999451
162008640	-0,566841244697571
164008624	-0,566313028335571
166008624	-0,571732342243195
168008624	-0,577071487903595
170008624	-0,58015388250351
172008608	-0,581456303596497
174008608	-0,58837366104126
176008608	-0,597449660301209
178008592	-0,603046059608459
180008592	-0,602674305438995
182008592	-0,603359043598175
184008592	-0,60698926448822
186008576	-0,611670851707459
188008576	-0,616530537605286
190008576	-0,619722545146942
192008576	-0,624267399311066
194008560	-0,629396319389343
196008560	-0,632263422012329
198008560	-0,63213038444519
200008544	-0,632475554943085
202008544	-0,638019382953644
204008544	-0,643698930740356
206008544	-0,644898891448975
208008528	-0,647355556488037
210008528	-0,653194665908813
212008528	-0,659719109535217
214008512	-0,663515985012054
216008512	-0,66635799407959
218008512	-0,668268918991089
220008512	-0,669919013977051
222008496	-0,677125513553619
224008496	-0,683786630630493
226008496	-0,6894211769104
228008480	-0,692627191543579
230008480	-0,692696690559387
232008480	-0,692834615707397
234008480	-0,69512152671814
236008464	-0,698009252548218
238008464	-0,703938663005829
240008464	-0,706649661064148
242008448	-0,706763744354248
244008448	-0,704364776611328
246008448	-0,707947671413422
248008448	-0,715362727642059
250008432	-0,722627878189087
252008432	-0,72543466091156
254008432	-0,726225018501282
256008416	-0,730682849884033
258008416	-0,73824816942215
260008416	-0,744893848896027
262008416	-0,749175190925598
264008400	-0,750562906265259
266008400	-0,750486195087433
268008400	-0,751498341560364
270008384	-0,75433886051178
272008384	-0,759188055992126
274008384	-0,761492550373077
276008384	-0,760031640529633
278008384	-0,759862661361694
280008384	-0,763192653656006
282008352	-0,768174648284912
284008352	-0,773037910461426
286008352	-0,776307702064514
288008352	-0,77845698595047
290008352	-0,780328035354614
292008352	-0,784558355808258
294008352	-0,78809380531311
296008320	-0,794477760791779
298008320	-0,799239277839661
300008320	-0,798856675624847
302008320	-0,800001621246338
304008320	-0,802408814430237
306008320	-0,80719530582428
308008320	-0,810948610305786
310008288	-0,812132000923157
312008288	-0,812437415122986
314008288	-0,816164553165436
316008288	-0,819732308387756
318008288	-0,822415292263031
320008288	-0,824858427047729
322008288	-0,826975345611572
324008256	-0,828779458999634
326008256	-0,83194226026535
328008256	-0,835615634918213
330008256	-0,844151020050049
332008256	-0,847661852836609
334008256	-0,846551716327667
336008256	-0,846617341041565
338008224	-0,849368631839752
340008224	-0,855437755584717
342008224	-0,859378337860107
344008224	-0,862253844738007
346008224	-0,863853752613068
348008224	-0,864300966262817
350008224	-0,866202712059021
352008192	-0,868762791156769
354008192	-0,870979726314545
356008192	-0,874760150909424
358008192	-0,876459181308746
360008192	-0,881292819976807
362008192	-0,888103365898132
364008192	-0,894980132579803
366008192	-0,896389186382294
368008160	-0,895017981529236
370008160	-0,895372033119202
372008160	-0,898495435714722
374008160	-0,903524100780487
376008160	-0,908361375331879
378008160	-0,909911692142487
380008160	-0,910589039325714
382008128	-0,911944210529327
384008128	-0,915175974369049
386008128	-0,916333496570587
388008128	-0,919696748256683
390008128	-0,92273736000061
392008128	-0,924474596977234
394008128	-0,928194224834442
396008096	-0,931452751159668
398008096	-0,935449361801147
400008096	-0,940489113330841
402008096	-0,941526353359222
404008096	-0,944277405738831
406008096	-0,946244657039642
408008096	-0,948201954364777
410008064	-0,950879395008087
412008064	-0,95369279384613
414008064	-0,953932046890259
416008064	-0,955096960067749
418008064	-0,958591639995575
420008064	-0,962731957435608
422008064	-0,967616200447083
424008032	-0,969331204891205
426008032	-0,970608711242676
428008032	-0,972440719604492
430008032	-0,973996818065643
432008032	-0,976183354854584
434008032	-0,980580151081085
436008032	-0,985617756843567
438008000	-0,987551331520081
440008000	-0,990828812122345
442008000	-0,994509696960449
444008000	-0,99883508682251
446008000	-0,999924659729004
448008000	-0,998516201972961
450008000	-0,999434530735016
452007968	-1,00449299812317
454007968	-1,01001477241516
456007968	-1,01553499698639
458007968	-1,01791369915009
460007968	-1,02087879180908
462007968	-1,02062368392944
464007968	-1,01744282245636
466007936	-1,01740729808807
468007936	-1,02257108688354
470007936	-1,02791261672974
472007936	-1,03322041034698
474007936	-1,03602910041809
476007936	-1,040114402771
478007936	-1,04272389411926
480007936	-1,04629373550415
482007904	-1,04609632492065
484007904	-1,04653966426849
486007904	-1,05071759223938
488007904	-1,05611097812653
490007904	-1,06002795696259
492007904	-1,06136345863342
494007904	-1,06130135059357
496007872	-1,06231236457825
498007872	-1,06419777870178
500007872	-1,06613492965698
502007872	-1,06857025623322
504007872	-1,07167744636536
506007872	-1,07597100734711
508007872	-1,07828426361084
510007840	-1,08070957660675
512007840	-1,08277595043182
514007840	-1,08749639987946
516007840	-1,09055578708649
518007840	-1,09171581268311
520007840	-1,09306478500366
522007840	-1,09670889377594
524007808	-1,10163617134094
526007808	-1,10466229915619
528007808	-1,1053239107132
530007808	-1,10494637489319
532007808	-1,10950887203217
534007808	-1,11504912376404
536007808	-1,11700415611267
538007808	-1,11670506000519
540007808	-1,11553931236267
542007808	-1,11831903457642
544007808	-1,1238466501236
546007744	-1,1308696269989
548007744	-1,13303589820862
550007744	-1,13186204433441
552007744	-1,13206040859222
554007744	-1,1327486038208
556007744	-1,13365638256073
558007744	-1,13764810562134
560007744	-1,13827776908875
562007744	-1,14163959026337
564007744	-1,1438924074173
566007744	-1,14887249469757
568007744	-1,15166330337524
570007744	-1,15421974658966
572007744	-1,1568284034729
574007680	-1,15752053260803
576007680	-1,15864205360413
578007680	-1,16296303272247
580007680	-1,17046964168549
582007680	-1,17599320411682
584007680	-1,17676985263824
586007680	-1,17636668682098
588007680	-1,17619657516479
590007680	-1,17936682701111
592007680	-1,18313026428223
594007680	-1,18457794189453
596007680	-1,1848212480545
598007680	-1,18474233150482
600007680	-1,18688476085663
602007616	-1,1883852481842
604007616	-1,19152665138245
606007616	-1,19561386108398
608007616	-1,19759368896484
610007616	-1,19885838031769
612007616	-1,20031881332397
614007616	-1,20364475250244
616007616	-1,20857787132263
618007616	-1,21331536769867
620007616	-1,21416902542114
622007616	-1,21388566493988
624007616	-1,21571052074432
626007616	-1,22069931030273
628007616	-1,22514855861664
630007552	-1,22491657733917
632007552	-1,2241028547287
634007552	-1,2251615524292
636007552	-1,22784411907196
638007552	-1,23222053050995
640007552	-1,23452854156494
642007552	-1,23627543449402
644007552	-1,23789203166962
646007552	-1,2396856546402
648007552	-1,24201011657715
650007552	-1,24502873420715
652007552	-1,24748599529266
654007552	-1,2494705915451
656007552	-1,25085699558258
658007488	-1,25457942485809
660007488	-1,25666844844818
662007488	-1,25896072387695
664007488	-1,25946164131165
666007488	-1,26020979881287
668007488	-1,26109385490417
670007488	-1,26484274864197
672007488	-1,26918208599091
674007488	-1,27036476135254
676007488	-1,2736930847168
678007488	-1,27595722675323
680007488	-1,27769458293915
682007488	-1,27749967575073
684007488	-1,28136765956879
686007488	-1,28420543670654
688007424	-1,2878303527832
690007424	-1,29043197631836
692007424	-1,29182076454163
694007424	-1,29504501819611
696007424	-1,29810357093811
698007424	-1,300501704216
700007424	-1,30247366428375
702007424	-1,30202054977417
704007424	-1,30510437488556
706007424	-1,30669498443604
708007424	-1,30856931209564
710007424	-1,31244170665741
712007424	-1,31489264965057
714007424	-1,31675410270691
716007360	-1,31931555271149
718007360	-1,32273018360138
720007360	-1,32384443283081
722007360	-1,32575535774231
724007360	-1,32759916782379
726007360	-1,32903742790222
728007360	-1,33379590511322
730007360	-1,33813977241516
732007360	-1,34103667736053
734007360	-1,34183537960052
736007360	-1,34392261505127
738007360	-1,34512233734131
740007360	-1,34516143798828
742007360	-1,34562468528748
744007296	-1,34728169441223
746007296	-1,35179233551025
748007296	-1,35367798805237
750007296	-1,35664248466492
752007296	-1,35792875289917
754007296	-1,35946345329285
756007296	-1,36068773269653
758007296	-1,36235070228577
760007296	-1,36352515220642
762007296	-1,36645722389221
764007296	-1,36892557144165
766007296	-1,37344026565552
768007296	-1,37839066982269
770007296	-1,38404202461243
772007232	-1,38723015785217
774007232	-1,3880512714386
776007232	-1,38536691665649
778007232	-1,38460779190063
780007232	-1,38908874988556
782007232	-1,39257609844208
784007232	-1,39445292949677
786007232	-1,39703691005707
788007232	-1,39928007125854
790007232	-1,40142142772675
792007232	-1,40237307548523
794007232	-1,40489053726196
796007232	-1,40653014183044
798007232	-1,40834617614746
800007168	-1,41223835945129
802007168	-1,41505146026611
804007168	-1,42052316665649
806007168	-1,428342461586
808007168	-1,43216609954834
810007168	-1,4303138256073
812007168	-1,42752182483673
814007168	-1,43068742752075
816007168	-1,43993246555328
818007168	-1,44705784320831
820007168	-1,4453604221344
822007168	-1,4416196346283
824007168	-1,4433079957962
826007168	-1,45118939876556
828007168	-1,45809412002563
830007104	-1,45737147331238
832007104	-1,45235395431519
834007104	-1,45036590099335
836007104	-1,45175957679749
838007104	-1,455721616745
840007104	-1,45910012722015
842007104	-1,46147549152374
844007104	-1,46439731121063
846007104	-1,4654655456543
848007104	-1,46798121929169
850007104	-1,47372472286224
852007104	-1,4810585975647
854007104	-1,4827344417572
856007104	-1,48102784156799
858007040	-1,47949934005737
860007040	-1,48405539989471
862007040	-1,4971114397049
864007040	-1,50620245933533
866007040	-1,50513875484467
868007040	-1,49783432483673
870007040	-1,49112486839294
872007040	-1,49263477325439
874007040	-1,4976806640625
876007040	-1,50032615661621
878007040	-1,50101602077484
880007040	-1,50107073783875
882007040	-1,50317740440369
884007040	-1,50552654266357
886006976	-1,50877690315247
888006976	-1,51081705093384
890006976	-1,5128527879715
892006976	-1,51239824295044
894006976	-1,51550984382629
896006976	-1,52204811573029
898006976	-1,52965807914734
900006976	-1,53488731384277
902006976	-1,53307259082794
904006976	-1,52824258804321
906006976	-1,52770984172821
908006976	-1,5329612493515
910006976	-1,54032695293427
912006976	-1,54187548160553
914006912	-1,54008746147156
916006912	-1,53927218914032
918006912	-1,54107856750488
920006912	-1,54405093193054
922006912	-1,5466034412384
924006912	-1,54587244987488
926006912	-1,54571163654327
928006912	-1,54779815673828
930006912	-1,55206453800201
932006912	-1,55894505977631
934006912	-1,56465828418732
936006912	-1,56647849082947
938006912	-1,56676840782166
940006912	-1,56555652618408
942006912	-1,56794607639313
944006848	-1,57291424274445
946006848	-1,57521724700928
948006848	-1,57383942604065
950006848	-1,57168459892273
952006848	-1,57145953178406
954006848	-1,57475364208221
956006848	-1,57816767692566
958006848	-1,57934558391571
960006848	-1,57851481437683
962006848	-1,57829451560974
964006848	-1,58118200302124
966006848	-1,58563435077667
968006848	-1,59047603607178
970006848	-1,59527361392975
972006784	-1,59841132164001
974006784	-1,59783387184143
976006784	-1,59947538375854
978006784	-1,60480427742004
980006784	-1,6126081943512
982006784	-1,61650085449219
984006784	-1,61623859405518
986006784	-1,61408567428589
988006784	-1,61522150039673
990006784	-1,62017059326172
992006784	-1,61951303482056
994006784	-1,61817133426666
996006784	-1,6175537109375
998006784	-1,61917304992676
1000006720	-1,62146151065826
1002006720	-1,62225019931793
1004006720	-1,62260663509369
1006006720	-1,62344229221344
1008006720	-1,62316381931305
1010006720	-1,62436842918396
1012006720	-1,62561392784119
1014006720	-1,63236308097839
1016006720	-1,63973641395569
1018006720	-1,64236295223236
1020006720	-1,64125156402588
1022006720	-1,64022588729858
1024006720	-1,64092898368835
1026006720	-1,64423406124115
1028006656	-1,64736330509186
1030006656	-1,649090051651
1032006656	-1,64973044395447
1034006656	-1,65322756767273
1036006656	-1,65391707420349
1038006656	-1,65290248394012
1040006656	-1,65117800235748
1042006656	-1,64996457099915
1044006656	-1,65141892433167
1046006656	-1,65441131591797
1048006656	-1,65865898132324
1050006656	-1,66279768943787
1052006656	-1,6687525510788
1054006656	-1,67070913314819
1056006656	-1,66943454742432
1058006592	-1,66835296154022
1060006592	-1,67048239707947
1062006592	-1,67732739448547
1064006592	-1,68210983276367
1066006592	-1,68583858013153
1068006592	-1,68586432933807
1070006592	-1,68435525894165
1072006592	-1,68198347091675
1074006528	-1,67869222164154
1076006528	-1,6772221326828
1078006528	-1,67943358421326
1080006528	-1,68186604976654
1082006528	-1,68579828739166
1084006528	-1,68890810012817
1086006528	-1,69304180145264
1088006528	-1,6980619430542
1090006528	-1,70326125621796
1092006528	-1,70546865463257
1094006528	-1,70598149299622
1096006528	-1,70632302761078
1098006528	-1,71256196498871
1100006528	-1,71996140480042
1102006528	-1,7248021364212
1104006528	-1,72569561004639
1106006528	-1,7232905626297
1108006528	-1,71859395503998
1110006528	-1,71604263782501
1112006528	-1,71546626091003
1114006528	-1,71879279613495
1116006528	-1,72150087356567
1118006528	-1,72187316417694
1120006528	-1,72247362136841
1122006528	-1,72465741634369
1124006528	-1,73125457763672
1126006528	-1,73959243297577
1128006400	-1,74289345741272
1130006400	-1,74243783950806
1132006400	-1,74431085586548
1134006400	-1,7543762922287
1136006400	-1,76867818832397
1138006400	-1,77509164810181
1140006400	-1,77219915390015
1142006400	-1,7649781703949
1144006400	-1,7616503238678
1146006400	-1,76444602012634
1148006400	-1,76850986480713
1150006400	-1,76630866527557
1152006400	-1,76028895378113
1154006400	-1,7536289691925
1156006400	-1,75145447254181
1158006400	-1,75503063201904
1160006400	-1,76084113121033
1162006400	-1,76703453063965
1164006400	-1,76883471012115
1166006400	-1,76734471321106
1168006400	-1,76743495464325
1170006400	-1,77753019332886
1172006400	-1,79106402397156
1174006400	-1,79794681072235
1176006400	-1,794553399086
1178006400	-1,7911741733551
1180006400	-1,79605770111084
1182006400	-1,80437183380127
1184006400	-1,80736112594604
1186006272	-1,80086636543274
1188006272	-1,79075849056244
1190006272	-1,7871767282486
1192006272	-1,78797292709351
1194006272	-1,79063022136688
1196006272	-1,79461145401001
1198006272	-1,79617857933044
1200006272	-1,79555654525757
1202006272	-1,79427325725555
1204006272	-1,79885673522949
1206006272	-1,80718588829041
1208006272	-1,81463587284088
1210006272	-1,81549978256226
1212006272	-1,81025755405426
1214006272	-1,81017589569092
1216006272	-1,82187700271606
1218006272	-1,83557999134064
1220006272	-1,83796143531799
1222006272	-1,82964015007019
1224006272	-1,82090258598328
1226006272	-1,82015562057495
1228006272	-1,8252671957016
1230006272	-1,83119189739227
1232006272	-1,83080959320068
1234006272	-1,83093547821045
1236006272	-1,83173584938049
1238006272	-1,83372282981873
1240006272	-1,83583450317383
1242006144	-1,83857429027557
1244006144	-1,84063529968262
1246006144	-1,83717787265778
1248006144	-1,83439373970032
1250006144	-1,84319078922272
1252006144	-1,86052870750427
1254006144	-1,87414705753326
1256006144	-1,86788928508759
1258006144	-1,85440051555634
1260006144	-1,85074865818024
1262006144	-1,86255192756653
1264006144	-1,87989068031311
1266006144	-1,8844701051712
1268006144	-1,87755632400513
1270006144	-1,87074685096741
1272006144	-1,87149274349213
1274006144	-1,87663018703461
1276006144	-1,87857043743134
1278006144	-1,87970387935638
1280006144	-1,8784214258194
1282006144	-1,87472331523895
1284006144	-1,87583613395691
1286006144	-1,88356852531433
1288006144	-1,89755094051361
1290006144	-1,90252089500427
1292006144	-1,89155280590057
1294006144	-1,87703442573547
1296006144	-1,8750433921814
1298006016	-1,89444172382355
1300006016	-1,9158878326416
1302006016	-1,9176914691925
1304006016	-1,90551149845123
1306006016	-1,89474558830261
1308006016	-1,90230715274811
1310006016	-1,91964745521545
1312006016	-1,93099761009216
1314006016	-1,92830383777618
1316006016	-1,9171804189682
1318006016	-1,90969085693359
1320006016	-1,91002869606018
1322006016	-1,91572964191437
1324006016	-1,9199755191803
1326006016	-1,91468167304993
1328006016	-1,90235674381256
1330006016	-1,89539659023285
1332006016	-1,90525221824646
1334006016	-1,92818403244019
1336006016	-1,9434826374054
1338006016	-1,93992614746094
1340006016	-1,92362809181213
1342006016	-1,91855728626251
1344006016	-1,93567526340485
1346006016	-1,95706427097321
1348006016	-1,96652674674988
1350006016	-1,96096754074097
1352006016	-1,95156109333038
1354006016	-1,94982290267944
1356005888	-1,95385766029358
1358005888	-1,9560661315918
1360005888	-1,95035231113434
1362005888	-1,93753671646118
1364005888	-1,92384910583496
1366005888	-1,925208568573
1368005888	-1,93913793563843
1370005888	-1,95565044879913
1372005888	-1,96105062961578
1374005888	-1,95164394378662
1376005888	-1,94288980960846
1378005888	-1,95307672023773
1380005888	-1,97921538352966
1382005888	-2,00182676315308
1384005888	-2,00700449943542
1386005888	-1,99775445461273
1388005888	-1,99239110946655
1390005888	-1,99587678909302
1392005888	-1,99738883972168
1394005888	-1,99030148983002
1396005888	-1,97758293151855
1398005888	-1,96686279773712
1400005888	-1,96468937397003
1402005888	-1,9687225818634
1404005888	-1,97232019901276
1406005888	-1,97425901889801
1408005888	-1,97612154483795
1410005888	-1,97664427757263
1412005760	-1,98102962970734
1414005760	-1,99177622795105
1416005760	-2,00674033164978
1418005760	-2,01875829696655
1420005760	-2,02096629142761
1422005760	-2,01523447036743
1424005760	-2,01389026641846
1426005760	-2,0185067653656
1428005760	-2,02068662643433
1430005760	-2,01741600036621
1432005760	-2,00785422325134
1434005760	-2,00189065933228
1436005760	-1,9986400604248
1438005760	-1,9964371919632
1440005760	-1,99481582641602
1442005760	-1,99084949493408
1444005760	-1,99024868011475
1446005760	-1,99335432052612
1448005760	-1,99961245059967
1450005760	-2,00902938842773
1452005760	-2,02020978927612
1454005760	-2,0295991897583
1456005760	-2,03772568702698
1458005760	-2,04455256462097
1460005760	-2,05129241943359
1462005760	-2,05657768249512
1464005760	-2,05716943740845
1466005760	-2,05494976043701
1468005760	-2,04780197143555
1470005632	-2,04589176177979
1472005632	-2,04438471794128
1474005632	-2,04127764701843
1476005632	-2,03382587432861
1478005632	-2,02810263633728
1480005632	-2,02904605865479
1482005632	-2,03671765327454
1484005632	-2,04249238967896
1486005632	-2,04771852493286
1488005632	-2,05471801757813
1490005632	-2,0631058216095
1492005632	-2,07239246368408
1494005632	-2,08245348930359
1496005632	-2,0910313129425
1498005632	-2,09920406341553
1500005632	-2,10641479492188
1502005632	-2,10901618003845
1504005632	-2,10747456550598
1506005632	-2,10185670852661
1508005632	-2,09396934509277
1510005632	-2,08692312240601
1512005632	-2,07937669754028
1514005632	-2,0769202709198
1516005632	-2,08058214187622
1518005632	-2,08472108840942
1520005632	-2,08407211303711
1522005632	-2,0799560546875
1524005632	-2,08019685745239
1526005504	-2,09005641937256
1528005504	-2,09946060180664
1530005504	-2,10570287704468
1532005504	-2,10989737510681
1534005504	-2,12082767486572
1536005504	-2,13536357879639
1538005504	-2,14255213737488
1540005504	-2,13745331764221
1542005504	-2,13003349304199
1544005504	-2,13737988471985
1546005504	-2,15217900276184
1548005504	-2,16240501403809
1550005504	-2,16110157966614
1552005504	-2,15172863006592
1554005504	-2,14277338981628
1556005504	-2,13685321807861
1558005504	-2,13240575790405
1560005504	-2,13137483596802
1562005504	-2,13510298728943
1564005504	-2,13577651977539
1566005504	-2,13252091407776
1568005504	-2,13331317901611
1570005504	-2,14123058319092
1572005504	-2,15287017822266
1574005504	-2,16111016273499
1576005504	-2,15621733665466
1578005504	-2,15059065818787
1580005504	-2,15973114967346
1582005504	-2,17994236946106
1584005376	-2,19279289245605
1586005376	-2,19522285461426
1588005376	-2,18824529647827
1590005376	-2,18604207038879
1592005376	-2,1917142868042
1594005376	-2,19902420043945
1596005376	-2,19973969459534
1598005376	-2,19648623466492
1600005376	-2,192143201828
1602005376	-2,18247270584106
1604005376	-2,17695903778076
1606005376	-2,1818516254425
1608005376	-2,19151425361633
1610005376	-2,19477128982544
1612005376	-2,18560481071472
1614005376	-2,18402433395386
1616005376	-2,20216464996338
1618005376	-2,22943949699402
1620005376	-2,24277997016907
1622005376	-2,23437571525574
1624005376	-2,22310447692871
1626005376	-2,22706604003906
1628005376	-2,24579572677612
1630005376	-2,25913786888123
1632005376	-2,25617218017578
1634005376	-2,24366664886475
1636005376	-2,23050832748413
1638005376	-2,22404170036316
1640005248	-2,2192051410675
1642005248	-2,2176342010498
1644005248	-2,21959972381592
1646005248	-2,21364092826843
1648005248	-2,20656776428223
1650005248	-2,209557056427
1652005248	-2,23072910308838
1654005248	-2,25302052497864
1656005248	-2,25697422027588
1658005248	-2,24694848060608
1660005248	-2,24369072914124
1662005248	-2,26263380050659
1664005248	-2,29285192489624
1666005248	-2,30705165863037
1668005248	-2,29633164405823
1670005248	-2,27652978897095
1672005248	-2,26833319664001
1674005248	-2,26872754096985
1676005248	-2,27120733261108
1678005248	-2,26420259475708
1680005248	-2,25393390655518
1682005248	-2,24540877342224
1684005248	-2,24252033233643
1686005248	-2,24613976478577
1688005248	-2,25677585601807
1690005248	-2,26628088951111
1692005248	-2,26700735092163
1694005248	-2,26455521583557
1696005120	-2,27057600021362
1698005120	-2,29285764694214
1700005120	-2,31744980812073
1702005120	-2,32723569869995
1704005120	-2,32082962989807
1706005120	-2,31305885314941
1708005120	-2,3171010017395
1710005120	-2,3245267868042
1712005120	-2,32385730743408
1714005120	-2,30939698219299
1716005120	-2,29721570014954
1718005120	-2,28761100769043
1720005120	-2,2859320640564
1722005120	-2,28576278686523
1724005120	-2,28615140914917
1726005120	-2,28704476356506
1728005120	-2,2859058380127
1730005120	-2,28752779960632
1732005120	-2,30254030227661
1734005120	-2,33123850822449
1736005120	-2,35411405563354
1738005120	-2,35413479804993
1740005120	-2,33820271492004
1742005120	-2,330885887146
1744005120	-2,3430016040802
1746005120	-2,36394381523132
1748005120	-2,36722326278687
1750005120	-2,34913659095764
1752005120	-2,32673001289368
1754004992	-2,31799912452698
1756004992	-2,31759333610535
1758004992	-2,31711769104004
1760004992	-2,31313896179199
1762004992	-2,31053304672241
1764004992	-2,31231307983398
1766004992	-2,31966185569763
1768004992	-2,33281230926514
1770004992	-2,34806871414185
1772004992	-2,35653281211853
1774004992	-2,35763573646545
1776004992	-2,35433602333069
1778004992	-2,35780763626099
1780004992	-2,37551283836365
1782004992	-2,3927583694458
1784004992	-2,39632606506348
1786004992	-2,38410711288452
1788004992	-2,37013864517212
1790004992	-2,36562752723694
1792004992	-2,36436533927917
1794004992	-2,36166000366211
1796004992	-2,35614919662476
1798004992	-2,35430431365967
1800004992	-2,35631060600281
1802004992	-2,3595883846283
1804004992	-2,36317539215088
1806004992	-2,37018060684204
1808004992	-2,37576103210449
1810004864	-2,37870788574219
1812004864	-2,38364934921265
1814004864	-2,39446759223938
1816004864	-2,41551160812378
1818004864	-2,43485546112061
1820004864	-2,43553590774536
1822004864	-2,42298221588135
1824004864	-2,41452097892761
1826004864	-2,42036938667297
1828004864	-2,43509483337402
1830004864	-2,43973922729492
1832004864	-2,43102598190308
1834004864	-2,41690802574158
1836004864	-2,40875649452209
1838004864	-2,40299797058105
1840004864	-2,4001305103302
1842004864	-2,39486575126648
1844004864	-2,3937873840332
1846004864	-2,39872789382935
1848004864	-2,40521955490112
1850004864	-2,41267275810242
1852004864	-2,423659324646
1854004864	-2,43469452857971
1856004864	-2,43966722488403
1858004864	-2,43908834457397
1860004864	-2,44465374946594
1862004864	-2,46128249168396
1864004864	-2,48682475090027
1866004864	-2,5036301612854
1868004736	-2,5017192363739
1870004736	-2,48803091049194
1872004736	-2,47137141227722
1874004736	-2,45990777015686
1876004736	-2,45235538482666
1878004736	-2,4466290473938
1880004736	-2,44332075119019
1882004736	-2,44439363479614
1884004736	-2,44120836257935
1886004736	-2,43997764587402
1888004736	-2,44415378570557
1890004736	-2,45372462272644
1892004736	-2,46101236343384
1894004736	-2,46107506752014
1896004736	-2,46402668952942
1898004736	-2,48492407798767
1900004736	-2,51624155044556
1902004736	-2,53783440589905
1904004736	-2,53592014312744
1906004736	-2,5208044052124
1908004736	-2,51010775566101
1910004736	-2,50952506065369
1912004736	-2,50796270370483
1914004736	-2,50433826446533
1916004736	-2,49659752845764
1918004736	-2,48888635635376
1920004736	-2,47478151321411
1922004736	-2,4611644744873
1924004608	-2,453444480896
1926004608	-2,45507836341858
1928004608	-2,45980453491211
1930004608	-2,46124005317688
1932004608	-2,46902656555176
1934004608	-2,4921498298645
1936004608	-2,52809190750122
1938004608	-2,54746103286743
1940004608	-2,53945088386536
1942004608	-2,5214958190918
1944004608	-2,52876329421997
1946004608	-2,5656795501709
1948004608	-2,59715580940247
1950004608	-2,60275483131409
1952004608	-2,57648897171021
1954004608	-2,54476642608643
1956004608	-2,51793360710144
1958004608	-2,50009155273438
1960004608	-2,48838663101196
1962004608	-2,48224854469299
1964004608	-2,47981286048889
1966004608	-2,47749137878418
1968004608	-2,47518992424011
1970004608	-2,48996686935425
1972004608	-2,51682877540588
1974004608	-2,53852939605713
1976004608	-2,53749370574951
1978004608	-2,52820539474487
1980004608	-2,54132628440857
1982004480	-2,57922625541687
1984004480	-2,61167812347412
1986004480	-2,61287951469421
1988004480	-2,59132289886475
1990004480	-2,57049536705017
1992004480	-2,55767583847046
1994004480	-2,55242919921875
1996004480	-2,54405236244202
1998004480	-2,53308582305908
2000004480	-2,52103471755981
2002004480	-2,50852012634277
2004004480	-2,50167942047119
2006004480	-2,50685453414917
2008004480	-2,52004909515381
2010004480	-2,52785778045654
2012004480	-2,52722120285034
2014004480	-2,53432059288025
2016004480	-2,56387233734131
2018004480	-2,60742688179016
2020004480	-2,63164138793945
2022004480	-2,62392497062683
2024004480	-2,60126566886902
2026004480	-2,59184598922729
2028004480	-2,6046359539032
2030004480	-2,61691761016846
2032004480	-2,61094212532043
2034004480	-2,58999466896057
2036004480	-2,56998682022095
2038004352	-2,55650281906128
2040004352	-2,55079317092896
2042004352	-2,54794573783875
2044004352	-2,55334877967834
2046004352	-2,55804562568665
2048004352	-2,56134748458862
2050004352	-2,56902194023132
2052004352	-2,60272407531738
2054004352	-2,63799524307251
2056004352	-2,65541458129883
2058004352	-2,64354705810547
2060004352	-2,62548184394836
2062004352	-2,63720750808716
2064004352	-2,67328524589539
2066004352	-2,69804954528809
2068004352	-2,68710899353027
2070004352	-2,6546483039856
2072004352	-2,62522029876709
2074004352	-2,61675977706909
2076004352	-2,61660289764404
2078004352	-2,61272430419922
2080004352	-2,60978746414185
2082004352	-2,60721182823181
2084004352	-2,6109414100647
2086004352	-2,61781811714172
2088004352	-2,63431644439697
2090004352	-2,64749026298523
2092004352	-2,65186882019043
2094004352	-2,64030718803406
2096004224	-2,63904452323914
2098004224	-2,66272306442261
2100004224	-2,70054292678833
2102004224	-2,71147704124451
2104004224	-2,6903235912323
2106004224	-2,6575038433075
2108004224	-2,6458158493042
2110004224	-2,6580662727356
2112004224	-2,66721987724304
2114004224	-2,66299748420715
2116004224	-2,64886140823364
2118004224	-2,6435661315918
2120004224	-2,64466261863709
2122004224	-2,64502191543579
2124004224	-2,64332103729248
2126004224	-2,64121294021606
2128004224	-2,63821387290955
2130004224	-2,64063477516174
2132004224	-2,65823030471802
2134004224	-2,68959546089172
2136004224	-2,72292232513428
2138004224	-2,73190999031067
2140004224	-2,71124482154846
2142004224	-2,68898129463196
2144004224	-2,68729877471924
2146004224	-2,70979738235474
2148004096	-2,73390197753906
2150004224	-2,73130059242249
2152004096	-2,72014760971069
2154004224	-2,70665216445923
2156004096	-2,70029401779175
2158004224	-2,68854951858521
2160004096	-2,67538523674011
2162004224	-2,66587281227112
2164004096	-2,66612648963928
2166004224	-2,67327690124512
2168004096	-2,68607711791992
2170004224	-2,7010452747345
2172004096	-2,7171585559845
2174004224	-2,71928524971008
2176004096	-2,7088143825531
2178004224	-2,70157051086426
2180004096	-2,72310924530029
2182003968	-2,76485085487366
2184004096	-2,79473638534546
2186003968	-2,79290246963501
2188004096	-2,76844716072083
2190003968	-2,74986457824707
2192004096	-2,74234437942505
2194003968	-2,73787975311279
2196004096	-2,72897863388062
2198003968	-2,71862030029297
2200004096	-2,71370148658752
2202003968	-2,71413278579712
2204004096	-2,71284294128418
2206003968	-2,70469617843628
2208004096	-2,70246648788452
2210003968	-2,7004029750824
2212004096	-2,70671415328979
2214003968	-2,71482610702515
2216004096	-2,73580455780029
2218003968	-2,76084876060486
2220004096	-2,78532123565674
2222003968	-2,80176830291748
2224004096	-2,80626773834229
2226003968	-2,80440545082092
2228004096	-2,80456042289734
2230003968	-2,80066466331482
2232004096	-2,7975549697876
2234003968	-2,79579544067383
2236004096	-2,79246425628662
2238003968	-2,77963829040527
2240003840	-2,75487089157104
2242003968	-2,72974371910095
2244003840	-2,72251510620117
2246003968	-2,72903060913086
2248003840	-2,7371666431427
2250003968	-2,74548244476318
2252003840	-2,76881647109985
2254003968	-2,804114818573
2256003840	-2,83756828308105
2258003968	-2,84135222434998
2260003840	-2,82624483108521
2262003968	-2,81761598587036
2264003840	-2,83804678916931
2266003968	-2,86755275726318
2268003840	-2,87756443023682
2270003968	-2,86098957061768
2272003840	-2,83464789390564
2274003968	-2,80951142311096
2276003840	-2,78315401077271
2278003968	-2,76711010932922
2280003840	-2,76071333885193
2282003968	-2,7659740447998
2284003840	-2,76867127418518
2286003968	-2,76818656921387
2288003840	-2,77414441108704
2290003968	-2,7942373752594
2292003840	-2,81765007972717
2294003712	-2,82567453384399
2296003840	-2,82314109802246
2298003712	-2,82534337043762
2300003840	-2,85443186759949
2302003712	-2,89326477050781
2304003840	-2,91282939910889
2306003712	-2,90746569633484
2308003840	-2,88841199874878
2310003712	-2,86766338348389
2312003840	-2,84910821914673
2314003712	-2,83380270004272
2316003840	-2,82499837875366
2318003712	-2,82140374183655
2320003840	-2,81270480155945
2322003712	-2,79458141326904
2324003840	-2,7824547290802
2326003712	-2,7909791469574
2328003840	-2,81293654441834
2330003712	-2,82649612426758
2332003840	-2,82652807235718
2334003712	-2,83208084106445
2336003840	-2,86510920524597
2338003712	-2,90667080879211
2340003840	-2,91981172561646
2342003712	-2,90629816055298
2344003840	-2,88397288322449
2346003712	-2,88193702697754
2348003840	-2,89266228675842
2350003712	-2,89435410499573
2352003584	-2,87924003601074
2354003712	-2,85628533363342
2356003584	-2,8330192565918
2358003712	-2,81605696678162
2360003584	-2,80664658546448
2362003712	-2,8162899017334
2364003584	-2,83241653442383
2366003712	-2,84340810775757
2368003584	-2,84759402275085
2370003712	-2,8667209148407
2372003584	-2,90788555145264
2374003712	-2,94679594039917
2376003584	-2,94726228713989
2378003712	-2,9177234172821
2380003584	-2,8952476978302
2382003712	-2,90994358062744
2384003584	-2,9416515827179
2386003712	-2,95063209533691
2388003584	-2,9233181476593
2390003712	-2,88959741592407
2392003584	-2,86860203742981
2394003712	-2,86281228065491
2396003584	-2,85611367225647
2398003712	-2,84866333007813
2400003584	-2,84460592269897
2402003712	-2,84192132949829
2404003584	-2,83862137794495
2406003712	-2,84416174888611
2408003584	-2,86680936813354
2410003456	-2,892085313797
2412003584	-2,89615297317505
2414003456	-2,88387107849121
2416003584	-2,88404941558838
2418003456	-2,90860605239868
2420003584	-2,9414587020874
2422003456	-2,94448614120483
2424003584	-2,91743016242981
2426003456	-2,88414692878723
2428003584	-2,87080955505371
2430003456	-2,87357234954834
2432003584	-2,87651824951172
2434003456	-2,87052416801453
2436003584	-2,86227655410767
2438003456	-2,85938882827759
2440003584	-2,86124229431152
2442003456	-2,8724479675293
2444003584	-2,89173269271851
2446003456	-2,90797281265259
2448003584	-2,90473031997681
2450003456	-2,89905738830566
2452003584	-2,91386651992798
2454003456	-2,95484328269959
2456003584	-2,98411178588867
2458003456	-2,97446060180664
2460003584	-2,93066477775574
2462003456	-2,90688037872314
2464003584	-2,92274904251099
2466003456	-2,95352578163147
2468003328	-2,96000123023987
2470003456	-2,9356746673584
2472003328	-2,91483545303345
2474003456	-2,91081929206848
2476003328	-2,9200873374939
2478003456	-2,92294025421143
2480003328	-2,91806697845459
2482003456	-2,91486287117004
2484003328	-2,9142906665802
2486003456	-2,91726088523865
2488003328	-2,92531609535217
2490003456	-2,94125747680664
2492003328	-2,95150518417358
2494003456	-2,94093990325928
2496003328	-2,92409062385559
2498003456	-2,92895841598511
2500003328	-2,95552778244019
2502003456	-2,97953271865845
2504003328	-2,97858858108521
2506003456	-2,96421408653259
2508003328	-2,95787525177002
2510003456	-2,96728706359863
2512003328	-2,9748010635376
2514003456	-2,96677494049072
2516003328	-2,94938206672668
2518003456	-2,93973684310913
2520003328	-2,94159173965454
2522003200	-2,94499969482422
2524003328	-2,93871831893921
2526003200	-2,93163180351257
2528003328	-2,92818307876587
2530003200	-2,92410516738892
2532003328	-2,92511224746704
2534003200	-2,93672895431519
2536003328	-2,9638295173645
2538003200	-2,98458814620972
2540003328	-2,98488998413086
2542003200	-2,97496819496155
2544003328	-2,97840476036072
2546003200	-2,9952507019043
2548003328	-3,01067543029785
2550003200	-3,00666618347168
2552003328	-2,99533367156982
2554003200	-2,99169445037842
2556003328	-2,99442338943481
2558003200	-2,99047446250916
2560003328	-2,9691789150238
2562003200	-2,94768810272217
2564003328	-2,93718361854553
2566003200	-2,94201493263245
2568003328	-2,94728636741638
2570003200	-2,96052837371826
2572003328	-2,98056411743164
2574003200	-3,00168466567993
2576003328	-3,0122504234314
2578003200	-3,01326560974121
2580003072	-3,02185964584351
2582003200	-3,03759765625
2584003072	-3,05419874191284
2586003200	-3,05539178848267
2588003072	-3,04420137405396
2590003200	-3,03879523277283
2592003072	-3,03619718551636
2594003200	-3,02003598213196
2596003072	-2,98641157150269
2598003200	-2,95915126800537
2600003072	-2,9581356048584
2602003200	-2,97300052642822
2604003072	-2,97795987129211
2606003200	-2,96497821807861
2608003072	-2,95503377914429
2610003200	-2,96963667869568
2612003072	-2,9965648651123
2614003200	-3,02088642120361
2616003072	-3,03561902046204
2618003200	-3,05380129814148
2620003072	-3,07477617263794
2622003200	-3,0886492729187
2624003072	-3,08361673355103
2626003200	-3,07614088058472
2628003072	-3,07390093803406
2630003200	-3,06866145133972
2632003072	-3,04919719696045
2634003200	-3,02724504470825
2636003072	-3,02044439315796
2638002944	-3,01979517936707
2640003072	-3,01451802253723
2642002944	-2,9986686706543
2644003072	-2,98608899116516
2646002944	-2,99554133415222
2648003072	-3,0178747177124
2650002944	-3,03043484687805
2652003072	-3,0323052406311
2654002944	-3,04279923439026
2656003072	-3,07034683227539
2658002944	-3,09547519683838
2660003072	-3,09964299201965
2662002944	-3,08889007568359
2664003072	-3,08155179023743
2666002944	-3,07976722717285
2668003072	-3,07531118392944
2670002944	-3,06487798690796
2672003072	-3,05705976486206
2674002944	-3,05725574493408
2676003072	-3,05247092247009
2678002944	-3,03996467590332
2680003072	-3,02958941459656
2682002944	-3,03927707672119
2684003072	-3,05870056152344
2686002944	-3,06913328170776
2688003072	-3,05989265441895
2690002944	-3,06204771995544
2692002816	-3,08443641662598
2694002944	-3,11315011978149
2696002816	-3,12466955184937
2698002944	-3,10567164421082
2700002816	-3,08604764938354
2702002944	-3,07965278625488
2704002816	-3,07994842529297
2706002944	-3,08257484436035
2708002816	-3,07850790023804
2710002944	-3,07868576049805
2712002816	-3,0779812335968
2714002944	-3,07223057746887
2716002816	-3,07368993759155
2718002944	-3,08300757408142
2720002816	-3,09382200241089
2722002944	-3,09434747695923
2724002816	-3,08629608154297
2726002944	-3,09429502487183
2728002816	-3,12130570411682
2730002944	-3,1448495388031
2732002816	-3,14452266693115
2734002944	-3,12694096565247
2736002816	-3,11905765533447
2738002944	-3,13386392593384
2740002816	-3,1442699432373
2742002944	-3,14046239852905
2744002816	-3,12651491165161
2746002944	-3,12181353569031
2748002816	-3,13012337684631
2750002688	-3,13367891311646
2752002816	-3,13879942893982
2754002688	-3,15420985221863
2756002816	-3,17952513694763
2758002688	-3,19552707672119
2760002816	-3,18560719490051
2762002688	-3,16009163856506
2764002816	-3,14701986312866
2766002688	-3,14380025863647
2768002816	-3,13847255706787
2770002688	-3,12739324569702
2772002816	-3,12850832939148
2774002688	-3,14495754241943
2776002816	-3,16046142578125
2778002688	-3,15559840202332
2780002816	-3,14087653160095
2782002688	-3,13152289390564
2784002816	-3,14042282104492
2786002688	-3,15029287338257
2788002816	-3,15698719024658
2790002688	-3,16253542900085
2792002816	-3,17281460762024
2794002688	-3,18612194061279
2796002816	-3,1946907043457
2798002688	-3,20453834533691
2800002816	-3,21379804611206
2802002688	-3,22419500350952
2804002816	-3,22108030319214
2806002688	-3,21450567245483
2808002560	-3,21973299980164
2810002688	-3,23749494552612
2812002560	-3,24425339698792
2814002688	-3,2265157699585
2816002560	-3,19982957839966
2818002688	-3,18972229957581
2820002560	-3,20298767089844
2822002688	-3,21549654006958
2824002560	-3,21527981758118
2826002688	-3,21645832061768
2828002560	-3,22974467277527
2830002688	-3,2536416053772
2832002560	-3,263427734375
2834002688	-3,25625562667847
2836002560	-3,24383616447449
2838002688	-3,23895454406738
2840002560	-3,23967957496643
2842002688	-3,23981499671936
2844002560	-3,24251770973206
2846002688	-3,24990153312683
2848002560	-3,24903702735901
2850002688	-3,2350001335144
2852002560	-3,22530508041382
2854002688	-3,2377073764801
2856002560	-3,25952768325806
2858002688	-3,27237105369568
2860002560	-3,26174306869507
2862002688	-3,25052499771118
2864002560	-3,25696969032288
2866002432	-3,27301979064941
2868002560	-3,28002500534058
2870002432	-3,27294492721558
2872002560	-3,27097606658936
2874002432	-3,28145027160645
2876002560	-3,29454469680786
2878002432	-3,29076766967773
2880002560	-3,27867722511292
2882002432	-3,2723913192749
2884002560	-3,2655394077301
2886002432	-3,2650990486145
2888002560	-3,26629972457886
2890002432	-3,28039145469666
2892002560	-3,29817867279053
2894002432	-3,30474281311035
2896002560	-3,29507780075073
2898002432	-3,28694081306458
2900002560	-3,29657649993896
2902002432	-3,31441354751587
2904002560	-3,31940197944641
2906002432	-3,31112194061279
2908002560	-3,30920433998108
2910002432	-3,32214260101318
2912002560	-3,33176016807556
2914002432	-3,32510089874268
2916002560	-3,3112006187439
2918002432	-3,30534505844116
2920002304	-3,31206607818604
2922002432	-3,32111477851868
2924002304	-3,32216787338257
2926002432	-3,32552671432495
2928002304	-3,33013796806335
2930002432	-3,33560657501221
2932002304	-3,33038711547852
2934002432	-3,33078050613403
2936002304	-3,34336185455322
2938002432	-3,3587760925293
2940002304	-3,36183333396912
2942002432	-3,35633850097656
2944002304	-3,35980868339539
2946002432	-3,37923240661621
2948002304	-3,38877558708191
2950002432	-3,36376810073853
2952002304	-3,32293725013733
2954002432	-3,29916143417358
2956002304	-3,30560636520386
2958002432	-3,31998324394226
2960002304	-3,31569957733154
2962002432	-3,30278205871582
2964002304	-3,30160808563232
2966002432	-3,31325960159302
2968002304	-3,32806062698364
2970002432	-3,3397388458252
2972002304	-3,35376715660095
2974002432	-3,37110710144043
2976002304	-3,38467693328857
2978002176	-3,38593363761902
2980002304	-3,38499331474304
2982002176	-3,38855481147766
2984002304	-3,38564991950989
2986002176	-3,36612558364868
2988002304	-3,34020590782166
2990002176	-3,32759428024292
2992002304	-3,33819365501404
2994002176	-3,34683394432068
2996002304	-3,33726596832275
2998002176	-3,31962251663208
3000002304	-3,32273983955383
3002002176	-3,34795737266541
3004002304	-3,37141847610474
3006002176	-3,38227963447571
3008002304	-3,3912947177887
3010002176	-3,41011548042297
3012002304	-3,42883539199829
3014002176	-3,4362964630127
3016002304	-3,4268651008606
3018002176	-3,41080713272095
3020002304	-3,40251493453979
3022002176	-3,39358592033386
3024002304	-3,39077973365784
3026002176	-3,4102246761322
3028002304	-3,45040941238403
3030002176	-3,47763252258301
3032002304	-3,46635055541992
3034002176	-3,42720746994019
3036002048	-3,40095520019531
3038002176	-3,40753602981567
3040002048	-3,42650532722473
3042002176	-3,43301868438721
3044002048	-3,4275438785553
3046002176	-3,43548679351807
3048002048	-3,45201253890991
3050002176	-3,45689010620117
3052002048	-3,43870997428894
3054002176	-3,418541431427
3056002048	-3,41540813446045
3058002176	-3,42460298538208
3060002048	-3,43062043190002
3062002176	-3,43409752845764
3064002048	-3,43654203414917
3066002176	-3,4402961730957
3068002048	-3,43356871604919
3070002176	-3,42775344848633
3072002048	-3,45002269744873
3074002176	-3,49909090995789
3076002048	-3,54298448562622
3078002176	-3,55539894104004
3080002048	-3,54010772705078
3082002176	-3,53230214118958
3084002048	-3,53068804740906
3086002176	-3,51003527641296
3088002048	-3,47101306915283
3090001920	-3,45070219039917
3092002048	-3,47105407714844
3094001920	-3,50793981552124
3096002048	-3,51948308944702
3098001920	-3,50245833396912
3100002048	-3,48572516441345
3102001920	-3,48440217971802
3104002048	-3,48352932929993
3106001920	-3,46890878677368
3108002048	-3,46014285087585
3110001920	-3,47486281394959
3112002048	-3,49907517433167
3114001920	-3,50165152549744
3116002048	-3,4856104850769
3118001920	-3,47333884239197
3120002048	-3,486496925354
3122001920	-3,50816583633423
3124002048	-3,51704883575439
3126001920	-3,52002120018005
3128002048	-3,53356313705444
3130001920	-3,54414892196655
3132002048	-3,52567458152771
3134001920	-3,48691821098328
3136002048	-3,4716100692749
3138001920	-3,50348734855652
3140002048	-3,57008957862854
3142001920	-3,62131237983704
3144002048	-3,64669823646545
3146001920	-3,65444779396057
3148001792	-3,64665412902832
3150001920	-3,63672780990601
3152001792	-3,62125420570374
3154001920	-3,62308692932129
3156001792	-3,63769292831421
3158001920	-3,64258050918579
3160001792	-3,61699962615967
3162001920	-3,57309532165527
3164001792	-3,5398416519165
3166001920	-3,51806449890137
3168001792	-3,48967289924622
3170001920	-3,45780730247498
3172001792	-3,43779587745667
3174001920	-3,44570207595825
3176001792	-3,46246385574341
3178001920	-3,46833181381226
3180001792	-3,46613740921021
3182001920	-3,47180151939392
3184001792	-3,48634743690491
3186001920	-3,49192762374878
3188001792	-3,48867082595825
3190001920	-3,49121332168579
3192001792	-3,5142776966095
3194001920	-3,54239273071289
3196001792	-3,54882502555847
3198001920	-3,54009628295898
3200001792	-3,52381348609924
3202001920	-3,50309014320374
3204001792	-3,47690629959106
3206001664	-3,45451927185059
3208001792	-3,45985889434814
3210001664	-3,49818253517151
3212001792	-3,53641963005066
3214001664	-3,54203343391418
3216001792	-3,52474331855774
3218001664	-3,51340317726135
3220001792	-3,51487612724304
3222001664	-3,51233959197998
3224001792	-3,50414252281189
3226001664	-3,52150654792786
3228001792	-3,58061194419861
3230001664	-3,64667892456055
3232001792	-3,66743040084839
3234001664	-3,62891793251038
3236001792	-3,57109260559082
3238001664	-3,52904462814331
3240001792	-3,51301693916321
3242001664	-3,51583623886108
3244001792	-3,53094530105591
3246001664	-3,55656147003174
3248001792	-3,57787346839905
3250001664	-3,56655931472778
3252001792	-3,53377079963684
3254001664	-3,51342678070068
3256001792	-3,52814888954163
3258001664	-3,55890560150146
3260001792	-3,57585430145264
3262001664	-3,58017206192017
3264001536	-3,58755826950073
3266001664	-3,59652376174927
3268001536	-3,58533811569214
3270001664	-3,55191349983215
3272001536	-3,52873945236206
3274001664	-3,54135394096375
3276001536	-3,57827210426331
3278001664	-3,61145067214966
3280001536	-3,62652826309204
3282001664	-3,62614870071411
3284001536	-3,61786389350891
3286001664	-3,59645843505859
3288001536	-3,57530093193054
3290001664	-3,56876826286316
3292001536	-3,58600974082947
3294001664	-3,60965156555176
3296001536	-3,61856031417847
3298001664	-3,61507654190063
3300001536	-3,61910605430603
3302001664	-3,62115526199341
3304001536	-3,5972466468811
3306001664	-3,55451631546021
3308001536	-3,53293418884277
3310001664	-3,56458139419556
3312001536	-3,63042545318604
3314001664	-3,67114901542664
3316001536	-3,66466236114502
3318001408	-3,62853574752808
3320001536	-3,6092803478241
3322001408	-3,60936498641968
3324001536	-3,61408758163452
3326001408	-3,6232271194458
3328001536	-3,64670419692993
3330001408	-3,6729531288147
3332001536	-3,67947959899902
3334001408	-3,65900039672852
3336001536	-3,62240076065063
3338001408	-3,59251737594604
3340001536	-3,56783246994019
3342001408	-3,54932284355164
3344001536	-3,54767513275146
3346001408	-3,57721519470215
3348001536	-3,6127347946167
3350001408	-3,61536240577698
3352001536	-3,58226728439331
3354001408	-3,55776071548462
3356001536	-3,57098841667175
3358001408	-3,61715030670166
3360001536	-3,65265011787415
3362001408	-3,66646385192871
3364001536	-3,67391633987427
3366001408	-3,68689727783203
3368001536	-3,68636131286621
3370001408	-3,66457986831665
3372001536	-3,63709807395935
3374001408	-3,62848377227783
3376001280	-3,64242076873779
3378001408	-3,66363096237183
3380001280	-3,68551063537598
3382001408	-3,70847821235657
3384001280	-3,71464943885803
3386001408	-3,68696737289429
3388001280	-3,63262367248535
3390001408	-3,60448932647705
3392001280	-3,64309692382813
3394001408	-3,72429656982422
3396001280	-3,77958202362061
3398001408	-3,78781771659851
3400001280	-3,77270460128784
3402001408	-3,76745343208313
3404001280	-3,7651047706604
3406001408	-3,73879647254944
3408001280	-3,70170331001282
3410001408	-3,68945264816284
3412001280	-3,70537304878235
3414001408	-3,72704887390137
3416001280	-3,72230958938599
3418001408	-3,69437336921692
3420001280	-3,66325378417969
3422001408	-3,63465690612793
3424001280	-3,62242650985718
3426001408	-3,64113831520081
3428001280	-3,70660042762756
3430001408	-3,77903413772583
3432001280	-3,80875372886658
3434001152	-3,79354095458984
3436001280	-3,76572418212891
3438001152	-3,76380324363709
3440001280	-3,7738471031189
3442001152	-3,76899743080139
3444001280	-3,76400566101074
3446001152	-3,78578948974609
3448001280	-3,83062219619751
3450001152	-3,84895920753479
3452001280	-3,81002640724182
3454001152	-3,73988890647888
3456001280	-3,68828797340393
3458001152	-3,67708015441895
3460001280	-3,6926965713501
3462001152	-3,72708106040955
3464001280	-3,77148056030273
3466001152	-3,80752825737
3468001280	-3,80812525749207
3470001152	-3,77243280410767
3472001280	-3,73744034767151
3474001152	-3,74579811096191
3476001280	-3,78968453407288
3478001152	-3,82800054550171
3480001280	-3,84229922294617
3482001152	-3,84712481498718
3484001280	-3,85003662109375
3486001152	-3,82964992523193
3488001024	-3,77497553825378
3490001152	-3,71634101867676
3492001024	-3,7005410194397
3494001152	-3,73219203948975
3496001024	-3,77021980285645
3498001152	-3,7815568447113
3500001024	-3,77283072471619
3502001152	-3,75919556617737
3504001024	-3,74495649337769
3506001152	-3,72396731376648
3508001024	-3,7232837677002
3510001152	-3,75500011444092
3512001024	-3,80552625656128
3514001152	-3,83940505981445
3516001024	-3,85305547714233
3518001152	-3,86519384384155
3520001024	-3,878249168396
3522001152	-3,86304259300232
3524001024	-3,809237241745
3526001152	-3,76598167419434
3528001024	-3,7835385799408
3530001152	-3,84203720092773
3532001024	-3,88257694244385
3534001152	-3,8641185760498
3536001024	-3,8091254234314
3538001152	-3,76881217956543
3540001024	-3,75277519226074
3542001152	-3,74589347839355
3544001024	-3,74804615974426
3546000896	-3,77428793907166
3548001024	-3,81253290176392
3550000896	-3,83341526985168
3552001024	-3,82240915298462
3554000896	-3,80258297920227
3556001024	-3,79603719711304
3558000896	-3,79824542999268
3560001024	-3,80350685119629
3562000896	-3,824458360672
3564001024	-3,88035273551941
3566000896	-3,94304418563843
3568001024	-3,96170353889465
3570000896	-3,91152167320251
3572001024	-3,84140825271606
3574000896	-3,81135892868042
3576001024	-3,82879519462585
3578000896	-3,85433435440063
3580001024	-3,86826753616333
3582000896	-3,87639045715332
3584001024	-3,88265609741211
3586000896	-3,86514282226563
3588001024	-3,82229661941528
3590000896	-3,77868914604187
3592001024	-3,77165579795837
3594000896	-3,80673146247864
3596001024	-3,85244798660278
3598000896	-3,88941097259521
3600001024	-3,92183876037598
3602000896	-3,93860769271851
3604000768	-3,92743325233459
3606000896	-3,88208389282227
3608000768	-3,84360456466675
3610000896	-3,85986232757568
3612000768	-3,91411781311035
3614000896	-3,95128297805786
3616000768	-3,94253993034363
3618000896	-3,90920758247375
3620000768	-3,87273049354553
3622000896	-3,83756422996521
3624000768	-3,79844188690186
3626000896	-3,77576375007629
3628000768	-3,79173564910889
3630000896	-3,84863996505737
3632000768	-3,89993691444397
3634000896	-3,91479516029358
3636000768	-3,90142822265625
3638000896	-3,88739562034607
3640000768	-3,87792110443115
3642000896	-3,87190771102905
3644000768	-3,88543701171875
3646000896	-3,93848299980164
3648000768	-4,00728988647461
3650000896	-4,03668451309204
3652000768	-4,00503063201904
3654000896	-3,93807172775269
3656000768	-3,87827682495117
3658000896	-3,84182548522949
3660000768	-3,81781792640686
3662000640	-3,82033777236938
3664000768	-3,84817337989807
3666000640	-3,88741254806519
3668000768	-3,91408228874207
3670000640	-3,88527774810791
3672000768	-3,8394079208374
3674000640	-3,82296919822693
3676000768	-3,8420090675354
3678000640	-3,87607860565186
3680000768	-3,90321946144104
3682000640	-3,92686653137207
3684000768	-3,94301271438599
3686000640	-3,94294309616089
3688000768	-3,9156060218811
3690000640	-3,88570785522461
3692000768	-3,8468005657196
3694000640	-3,8388843536377
3696000768	-3,82641434669495
3698000640	-3,86417746543884
3700000768	-3,91076302528381
3702000640	-3,94811534881592
3704000768	-3,95377516746521
3706000640	-3,90387296676636
3708000768	-3,84095811843872
3710000640	-3,88761067390442
3712000768	-3,98196935653687
3714000640	-4,09763288497925
3716000512	-4,15383720397949
3718000640	-4,15863275527954
3720000512	-4,1461443901062
3722000640	-4,12633943557739
3724000512	-4,08009576797485
3726000640	-4,00935029983521
3728000512	-3,97175884246826
3730000640	-3,98602151870728
3732000512	-4,02703666687012
3734000640	-4,04306125640869
3736000512	-4,026442527771
3738000640	-3,99059534072876
3740000512	-3,94632077217102
3742000640	-3,90288376808167
3744000512	-3,89528298377991
3746000640	-3,95986461639404
3748000512	-4,0666036605835
3750000640	-4,14243459701538
3752000512	-4,13989496231079
3754000640	-4,09715270996094
3756000512	-4,08005094528198
3758000640	-4,09435510635376
3760000512	-4,0972318649292
3762000640	-4,08404779434204
3764000512	-4,09219217300415
3766000640	-4,14420413970947
3768000512	-4,19092082977295
3770000640	-4,16761875152588
3772000512	-4,06808614730835
3774000384	-3,96666407585144
3776000512	-3,92497777938843
3778000384	-3,95199728012085
3780000512	-4,00559854507446
3782000384	-4,0621509552002
3784000512	-4,10102558135986
3786000384	-4,09424161911011
3788000512	-4,04956293106079
3790000384	-4,00610780715942
3792000512	-4,00441741943359
3794000384	-4,03259992599487
3796000512	-4,05225610733032
3798000384	-4,06034755706787
3800000512	-4,09246635437012
3802000384	-4,15803956985474
3804000512	-4,19679117202759
3806000384	-4,15124273300171
3808000512	-4,0495400428772
3810000384	-3,98055648803711
3812000512	-4,00359439849854
3814000384	-4,07390832901001
3816000512	-4,12985992431641
3818000384	-4,13248348236084
3820000512	-4,10227966308594
3822000384	-4,0591287612915
3824000512	-4,01671314239502
3826000384	-3,99476885795593
3828000512	-4,01143026351929
3830000384	-4,05328798294067
3832000256	-4,07925939559937
3834000384	-4,08249759674072
3836000256	-4,09270048141479
3838000384	-4,12591171264648
3840000256	-4,13906669616699
3842000384	-4,09412574768066
3844000256	-4,03752994537354
3846000384	-4,05272388458252
3848000256	-4,15731811523438
3850000384	-4,27251863479614
3852000256	-4,29571199417114
3854000384	-4,22336435317993
3856000256	-4,1324634552002
3858000384	-4,09060335159302
3860000256	-4,08663940429688
3862000384	-4,09628486633301
3864000256	-4,10383319854736
3866000384	-4,10891580581665
3868000256	-4,09695053100586
3870000384	-4,06472730636597
3872000256	-4,034499168396
3874000384	-4,02336502075195
3876000256	-4,0250449180603
3878000384	-4,01060104370117
3880000256	-4,01998138427734
3882000384	-4,08089542388916
3884000256	-4,18932962417603
3886000384	-4,26893329620361
3888000256	-4,24841213226318
3890000128	-4,16654396057129
3892000256	-4,11389207839966
3894000128	-4,13428354263306
3896000256	-4,18083953857422
3898000128	-4,19404697418213
3900000256	-4,16608285903931
3902000128	-4,12879180908203
3904000256	-4,09340763092041
3906000128	-4,05491971969604
3908000256	-4,01773357391357
3910000128	-4,01313066482544
3912000256	-4,02505779266357
3914000128	-4,04683637619019
3916000256	-4,08013391494751
3918000128	-4,13897609710693
3920000256	-4,21216869354248
3922000128	-4,24767875671387
3924000256	-4,21391296386719
3926000128	-4,15571689605713
3928000256	-4,15292453765869
3930000128	-4,22044706344604
3932000256	-4,28578901290894
3934000128	-4,28563928604126
3936000256	-4,22781181335449
3938000128	-4,16130685806274
3940000256	-4,11629009246826
3942000128	-4,07793235778809
3944000000	-4,04217767715454
3946000128	-4,03146982192993
3948000000	-4,05011034011841
3950000128	-4,07914924621582
3952000000	-4,10073232650757
3954000128	-4,12498426437378
3956000000	-4,15504169464111
3958000128	-4,16628789901733
3960000000	-4,14557123184204
3962000128	-4,13269901275635
3964000000	-4,18633937835693
3966000128	-4,30167102813721
3968000000	-4,38200187683105
3970000128	-4,36697626113892
3972000000	-4,27672052383423
3974000128	-4,1982741355896
3976000000	-4,17138242721558
3978000128	-4,15884304046631
3980000000	-4,12966299057007
3982000128	-4,1003589630127
3984000000	-4,09394693374634
3986000128	-4,09719181060791
3988000000	-4,08282852172852
3990000128	-4,05573225021362
3992000000	-4,04758930206299
3994000128	-4,06543159484863
3996000000	-4,10169506072998
3998000128	-4,14695644378662
4000000000	-4,21459722518921
