9000	0,106937654316425
2008995,5	-9,72021371126175E-02
4008991	-7,29236900806427E-02
6008986,5	-7,89845883846283E-02
8008982	-0,102024808526039
10008978	-0,118921861052513
12008973	-0,144057884812355
14008968	-0,160310253500938
16008964	-0,170187041163445
18008960	-0,175345703959465
20008956	-0,181389167904854
22008950	-0,193946182727814
24008946	-0,196541219949722
26008942	-0,193280220031738
28008936	-0,199027881026268
30008932	-0,214689910411835
32008928	-0,230758219957352
34008924	-0,233356818556786
36008920	-0,239140123128891
38008916	-0,242285817861557
40008912	-0,249283909797668
42008904	-0,251947224140167
44008900	-0,253109127283096
46008896	-0,258814930915833
48008892	-0,271427810192108
50008888	-0,282413244247437
52008884	-0,285489022731781
54008880	-0,286380410194397
56008872	-0,292798340320587
58008868	-0,300090193748474
60008864	-0,304646700620651
62008860	-0,307388156652451
64008856	-0,308595061302185
66008852	-0,314471662044525
68008848	-0,322085857391357
70008840	-0,328991532325745
72008840	-0,335219323635101
74008832	-0,338397324085236
76008832	-0,343056917190552
78008824	-0,346177458763123
80008816	-0,347820341587067
82008816	-0,349859625101089
84008808	-0,354565322399139
86008808	-0,364026874303818
88008800	-0,369842231273651
90008800	-0,371196240186691
92008792	-0,369467884302139
94008792	-0,374932289123535
96008784	-0,382190078496933
98008776	-0,38724023103714
100008776	-0,388961791992188
102008768	-0,391615271568298
104008768	-0,397976994514465
106008760	-0,403582453727722
108008760	-0,40787947177887
110008752	-0,411643832921982
112008752	-0,415153473615646
114008744	-0,419725120067596
116008736	-0,422211855649948
118008736	-0,42464491724968
120008728	-0,427095532417297
122008728	-0,4313143491745
124008720	-0,436758995056152
126008720	-0,43997985124588
128008712	-0,442114949226379
130008704	-0,444583117961884
132008704	-0,451692670583725
134008696	-0,455840528011322
136008688	-0,458945095539093
138008688	-0,458293437957764
140008688	-0,463393002748489
142008688	-0,470937192440033
144008672	-0,47672176361084
146008672	-0,479055285453796
148008672	-0,478359431028366
150008656	-0,483538627624512
152008656	-0,486644923686981
154008656	-0,489395141601563
156008656	-0,492241621017456
158008640	-0,496626526117325
160008640	-0,50195050239563
162008640	-0,503818929195404
164008624	-0,501456797122955
166008624	-0,503274142742157
168008624	-0,510159075260162
170008624	-0,515093564987183
172008608	-0,519023418426514
174008608	-0,521118760108948
176008608	-0,524942934513092
178008592	-0,530369579792023
180008592	-0,534262895584106
182008592	-0,537567436695099
184008592	-0,536012709140778
186008576	-0,538456976413727
188008576	-0,544571101665497
190008576	-0,549867153167725
192008576	-0,552474796772003
194008560	-0,555118978023529
196008560	-0,559973180294037
198008560	-0,565234899520874
200008544	-0,565434992313385
202008544	-0,56434428691864
204008544	-0,565644979476929
206008544	-0,568913280963898
208008528	-0,573984742164612
210008528	-0,579808533191681
212008528	-0,582485496997833
214008512	-0,583525836467743
216008512	-0,587312757968903
218008512	-0,592946469783783
220008512	-0,596593379974365
222008496	-0,601995646953583
224008496	-0,60439133644104
226008496	-0,604564011096954
228008480	-0,607062518596649
230008480	-0,609968423843384
232008480	-0,614669322967529
234008480	-0,618606150150299
236008464	-0,621974647045136
238008464	-0,62391585111618
240008464	-0,622946798801422
242008448	-0,621552526950836
244008448	-0,622558653354645
246008448	-0,628634929656982
248008448	-0,634037613868713
250008432	-0,636983633041382
252008432	-0,638310790061951
254008432	-0,640630185604095
256008416	-0,645750880241394
258008416	-0,64985466003418
260008416	-0,653036117553711
262008416	-0,655898749828339
264008400	-0,658799707889557
266008400	-0,662807464599609
268008400	-0,66621333360672
270008384	-0,669897258281708
272008384	-0,673801004886627
274008384	-0,673853635787964
276008384	-0,670850813388824
278008384	-0,670596361160278
280008384	-0,673064231872559
282008352	-0,678696155548096
284008352	-0,683152139186859
286008352	-0,686932444572449
288008352	-0,689093828201294
290008352	-0,69101870059967
292008352	-0,69307005405426
294008352	-0,694765985012054
296008320	-0,698918163776398
298008320	-0,704700589179993
300008320	-0,706992268562317
302008320	-0,70787125825882
304008320	-0,708505988121033
306008320	-0,711856126785278
308008320	-0,717399716377258
310008288	-0,721647799015045
312008288	-0,722524285316467
314008288	-0,724086225032806
316008288	-0,724929332733154
318008288	-0,725027859210968
320008288	-0,726525485515594
322008288	-0,729114651679993
324008256	-0,733672618865967
326008256	-0,73773866891861
328008256	-0,739266872406006
330008256	-0,741544485092163
332008256	-0,745514392852783
334008256	-0,750392019748688
336008256	-0,753464698791504
338008224	-0,752306222915649
340008224	-0,750822126865387
342008224	-0,751900911331177
344008224	-0,756275415420532
346008224	-0,762243032455444
348008224	-0,765463054180145
350008224	-0,767193377017975
352008192	-0,767122149467468
354008192	-0,766056180000305
356008192	-0,767689347267151
358008192	-0,773029327392578
360008192	-0,779240131378174
362008192	-0,782641470432281
364008192	-0,784191727638245
366008192	-0,785566449165344
368008160	-0,789203941822052
370008160	-0,793475866317749
372008160	-0,797407150268555
374008160	-0,797950863838196
376008160	-0,799283027648926
378008160	-0,801623523235321
380008160	-0,804916143417358
382008128	-0,808906078338623
384008128	-0,811598300933838
386008128	-0,810683727264404
388008128	-0,811192393302917
390008128	-0,812690854072571
392008128	-0,815238654613495
394008128	-0,819170236587524
396008096	-0,821955561637878
398008096	-0,825437366962433
400008096	-0,828347206115723
402008096	-0,828709959983826
404008096	-0,83215868473053
406008096	-0,835218369960785
408008096	-0,837191939353943
410008064	-0,839477121829987
412008064	-0,841639876365662
414008064	-0,84168940782547
416008064	-0,841293632984161
418008064	-0,843072175979614
420008064	-0,847955822944641
422008064	-0,852589249610901
424008032	-0,854400336742401
426008032	-0,855314373970032
428008032	-0,857630729675293
430008032	-0,858613729476929
432008032	-0,860804557800293
434008032	-0,863208174705505
436008032	-0,866890847682953
438008000	-0,870316982269287
440008000	-0,872248649597168
442008000	-0,873301327228546
444008000	-0,876977443695068
446008000	-0,881776452064514
448008000	-0,883479058742523
450008000	-0,884380698204041
452007968	-0,884487926959991
454007968	-0,888649344444275
456007968	-0,894263327121735
458007968	-0,897899508476257
460007968	-0,898826122283936
462007968	-0,899562835693359
464007968	-0,900197982788086
466007936	-0,900941610336304
468007936	-0,902445912361145
470007936	-0,904188811779022
472007936	-0,908909738063812
474007936	-0,914604663848877
476007936	-0,917062997817993
478007936	-0,918040573596954
480007936	-0,921208322048187
482007904	-0,924735426902771
484007904	-0,929613351821899
486007904	-0,933394551277161
488007904	-0,93278181552887
490007904	-0,932572722434998
492007904	-0,934536695480347
494007904	-0,937859773635864
496007872	-0,939463913440704
498007872	-0,940694510936737
500007872	-0,94077467918396
502007872	-0,942810893058777
504007872	-0,943399608135223
506007872	-0,946610033512115
508007872	-0,948793232440948
510007840	-0,951902329921722
512007840	-0,954638123512268
514007840	-0,958393216133118
516007840	-0,959385395050049
518007840	-0,961149573326111
520007840	-0,963218331336975
522007840	-0,968030631542206
524007808	-0,970777273178101
526007808	-0,970032751560211
528007808	-0,971385836601257
530007808	-0,97398853302002
532007808	-0,981014907360077
534007808	-0,987557768821716
536007808	-0,988852024078369
538007808	-0,98737508058548
540007808	-0,982655942440033
542007808	-0,982382357120514
544007808	-0,986894845962524
546007744	-0,992512404918671
548007744	-0,996567904949188
550007744	-0,997460424900055
552007744	-0,997272849082947
554007744	-0,996594667434692
556007744	-0,994964838027954
558007744	-0,998312950134277
560007744	-1,00301682949066
562007744	-1,00587797164917
564007744	-1,00847911834717
566007744	-1,01206505298615
568007744	-1,01405119895935
570007744	-1,01790833473206
572007744	-1,02029585838318
574007680	-1,02295780181885
576007680	-1,02374005317688
578007680	-1,02438127994537
580007680	-1,02633702754974
582007680	-1,03274691104889
584007680	-1,03985941410065
586007680	-1,04443109035492
588007680	-1,04250383377075
590007680	-1,03827929496765
592007680	-1,03561210632324
594007680	-1,03761124610901
596007680	-1,04142808914185
598007680	-1,04363346099854
600007680	-1,04546749591827
602007616	-1,04769611358643
604007616	-1,04970908164978
606007616	-1,05156826972961
608007616	-1,05298888683319
610007616	-1,0556503534317
612007616	-1,05897688865662
614007616	-1,06062805652618
616007616	-1,06221532821655
618007616	-1,06313371658325
620007616	-1,06593751907349
622007616	-1,07077848911285
624007616	-1,07372117042542
626007616	-1,07424664497375
628007616	-1,07269835472107
630007552	-1,07180857658386
632007552	-1,07437968254089
634007552	-1,07854986190796
636007552	-1,08071303367615
638007552	-1,08286988735199
640007552	-1,08377122879028
642007552	-1,08579087257385
644007552	-1,08769643306732
646007552	-1,08965134620667
648007552	-1,09038388729095
650007552	-1,09306597709656
652007552	-1,09653806686401
654007552	-1,09850299358368
656007552	-1,10090219974518
658007488	-1,10497105121613
660007488	-1,10706257820129
662007488	-1,10771250724792
664007488	-1,10715210437775
666007488	-1,10628938674927
668007488	-1,10880303382874
670007488	-1,11225402355194
672007488	-1,11603629589081
674007488	-1,11702358722687
676007488	-1,11958336830139
678007488	-1,12167251110077
680007488	-1,12278723716736
682007488	-1,12204957008362
684007488	-1,12602818012238
686007488	-1,12816500663757
688007424	-1,13227260112762
690007424	-1,13613975048065
692007424	-1,13796722888947
694007424	-1,13896179199219
696007424	-1,14109635353088
698007424	-1,14330613613129
700007424	-1,14489543437958
702007424	-1,14496326446533
704007424	-1,14755082130432
706007424	-1,14842104911804
708007424	-1,14989268779755
710007424	-1,15165579319
712007424	-1,15353035926819
714007424	-1,15558755397797
716007360	-1,15838766098022
718007360	-1,16141581535339
720007360	-1,16325056552887
722007360	-1,16575002670288
724007360	-1,16736710071564
726007360	-1,1692156791687
728007360	-1,17325723171234
730007360	-1,17687046527863
732007360	-1,17997753620148
734007360	-1,180330991745
736007360	-1,18120336532593
738007360	-1,18158674240112
740007360	-1,18186604976654
742007360	-1,18320322036743
744007296	-1,18535172939301
746007296	-1,18733215332031
748007296	-1,18973827362061
750007296	-1,19170892238617
752007296	-1,19319903850555
754007296	-1,19373846054077
756007296	-1,19438171386719
758007296	-1,19600546360016
760007296	-1,19644260406494
762007296	-1,19979631900787
764007296	-1,20505237579346
766007296	-1,21047127246857
768007296	-1,21351552009583
770007296	-1,21571552753448
772007232	-1,21432983875275
774007232	-1,21565520763397
776007232	-1,21865224838257
778007232	-1,22256863117218
780007232	-1,22774565219879
782007232	-1,22850656509399
784007232	-1,2266263961792
786007232	-1,227942943573
788007232	-1,22946631908417
790007232	-1,23083508014679
792007232	-1,23205924034119
794007232	-1,23494386672974
796007232	-1,23638939857483
798007232	-1,23764419555664
800007168	-1,24116313457489
802007168	-1,24619805812836
804007168	-1,25352716445923
806007168	-1,26115262508392
808007168	-1,2625629901886
810007168	-1,25859987735748
812007168	-1,25570940971375
814007168	-1,25851488113403
816007168	-1,26985740661621
818007168	-1,28018617630005
820007168	-1,28208947181702
822007168	-1,27662038803101
824007168	-1,27105832099915
826007168	-1,2703138589859
828007168	-1,27438855171204
830007104	-1,27849578857422
832007104	-1,27688658237457
834007104	-1,27596974372864
836007104	-1,27533483505249
838007104	-1,2786740064621
840007104	-1,28246402740479
842007104	-1,28714752197266
844007104	-1,29181408882141
846007104	-1,29367244243622
848007104	-1,29279518127441
850007104	-1,29092931747437
852007104	-1,29344284534454
854007104	-1,30110168457031
856007104	-1,31270527839661
858007040	-1,31839537620544
860007040	-1,31416988372803
862007040	-1,30798351764679
864007040	-1,3055055141449
866007040	-1,30899477005005
868007040	-1,31625711917877
870007040	-1,3171181678772
872007040	-1,3149071931839
874007040	-1,31327199935913
876007040	-1,3138610124588
878007040	-1,31587755680084
880007040	-1,31919503211975
882007040	-1,32143545150757
884007040	-1,32185077667236
886006976	-1,32354283332825
888006976	-1,32463920116425
890006976	-1,32655930519104
892006976	-1,33068692684174
894006976	-1,33825087547302
896006976	-1,34402418136597
898006976	-1,34366095066071
900006976	-1,34205830097198
902006976	-1,33974015712738
904006976	-1,34112191200256
906006976	-1,34533989429474
908006976	-1,3476722240448
910006976	-1,34792196750641
912006976	-1,34568750858307
914006912	-1,34519171714783
916006912	-1,34830224514008
918006912	-1,35209846496582
920006912	-1,35477089881897
922006912	-1,35593521595001
924006912	-1,35594475269318
926006912	-1,35577416419983
928006912	-1,35949313640594
930006912	-1,36427021026611
932006912	-1,37035953998566
934006912	-1,37386417388916
936006912	-1,37457311153412
938006912	-1,37246716022491
940006912	-1,36979675292969
942006912	-1,36994457244873
944006848	-1,37377500534058
946006848	-1,37576746940613
948006848	-1,37595295906067
950006848	-1,37418138980865
952006848	-1,3759286403656
954006848	-1,37960124015808
956006848	-1,38242709636688
958006848	-1,38480758666992
960006848	-1,38387203216553
962006848	-1,38392066955566
964006848	-1,3836989402771
966006848	-1,38654184341431
968006848	-1,38948261737823
970006848	-1,39569497108459
972006784	-1,40290606021881
974006784	-1,40533947944641
976006784	-1,4035667181015
978006784	-1,40272641181946
980006784	-1,40462207794189
982006784	-1,4087997674942
984006784	-1,41277182102203
986006784	-1,41264700889587
988006784	-1,41285109519958
990006784	-1,41735935211182
992006784	-1,41902160644531
994006784	-1,42081594467163
996006784	-1,41995930671692
998006784	-1,41838884353638
1000006720	-1,41888451576233
1002006720	-1,41890406608582
1004006720	-1,41930997371674
1006006720	-1,42111957073212
1008006720	-1,42458307743073
1010006720	-1,43017590045929
1012006720	-1,43152213096619
1014006720	-1,4301210641861
1016006720	-1,42750239372253
1018006720	-1,42626535892487
1020006720	-1,43097066879272
1022006720	-1,43778395652771
1024006720	-1,44059300422668
1026006720	-1,44118022918701
1028006656	-1,4417736530304
1030006656	-1,44357514381409
1032006656	-1,44401693344116
1034006656	-1,44380986690521
1036006656	-1,44145822525024
1038006656	-1,44033026695251
1040006656	-1,44038081169128
1042006656	-1,44212472438812
1044006656	-1,44404280185699
1046006656	-1,44672882556915
1048006656	-1,45164239406586
1050006656	-1,45471274852753
1052006656	-1,45576739311218
1054006656	-1,45401418209076
1056006656	-1,45353615283966
1058006592	-1,45502066612244
1060006592	-1,4604058265686
1062006592	-1,46604537963867
1064006592	-1,46910059452057
1066006592	-1,47027242183685
1068006592	-1,47031593322754
1070006592	-1,46782732009888
1072006592	-1,46465528011322
1074006528	-1,46213400363922
1076006528	-1,4618479013443
1078006528	-1,46401298046112
1080006528	-1,46576762199402
1082006528	-1,46946775913239
1084006528	-1,47286057472229
1086006528	-1,47565937042236
1088006528	-1,48035395145416
1090006528	-1,48535025119781
1092006528	-1,48707520961761
1094006528	-1,48707091808319
1096006528	-1,48590910434723
1098006528	-1,49004995822906
1100006528	-1,49696946144104
1102006528	-1,50477993488312
1104006528	-1,50968980789185
1106006528	-1,51110625267029
1108006528	-1,50643360614777
1110006528	-1,4993736743927
1112006528	-1,49404215812683
1114006528	-1,49196577072144
1116006528	-1,49471175670624
1118006528	-1,49840712547302
1120006528	-1,50247383117676
1122006528	-1,5037487745285
1124006528	-1,50550746917725
1126006528	-1,51338922977448
1128006400	-1,52312898635864
1130006400	-1,53085851669312
1132006400	-1,5297783613205
1134006400	-1,52550387382507
1136006400	-1,52431488037109
1138006400	-1,52945733070374
1140006400	-1,54225206375122
1142006400	-1,55115342140198
1144006400	-1,55010318756104
1146006400	-1,54156816005707
1148006400	-1,5310263633728
1150006400	-1,52390885353088
1152006400	-1,52170634269714
1154006400	-1,52514231204987
1156006400	-1,52829551696777
1158006400	-1,53052318096161
1160006400	-1,52997672557831
1162006400	-1,53005337715149
1164006400	-1,53465569019318
1166006400	-1,54487955570221
1168006400	-1,55319476127625
1170006400	-1,55660057067871
1172006400	-1,55149269104004
1174006400	-1,54718935489655
1176006400	-1,55086541175842
1178006400	-1,56523096561432
1180006400	-1,57979846000671
1182006400	-1,58168077468872
1184006400	-1,57050204277039
1186006272	-1,55725347995758
1188006272	-1,54841494560242
1190006272	-1,54953765869141
1192006272	-1,55221438407898
1194006272	-1,55530631542206
1196006272	-1,55826854705811
1198006272	-1,5586142539978
1200006272	-1,55761706829071
1202006272	-1,55855989456177
1204006272	-1,56678855419159
1206006272	-1,57524335384369
1208006272	-1,57841193675995
1210006272	-1,5748393535614
1212006272	-1,5681209564209
1214006272	-1,56992149353027
1216006272	-1,58209872245789
1218006272	-1,59758353233337
1220006272	-1,6014256477356
1222006272	-1,59293460845947
1224006272	-1,58124554157257
1226006272	-1,57538628578186
1228006272	-1,57655668258667
1230006272	-1,5835679769516
1232006272	-1,58689486980438
1234006272	-1,58872652053833
1236006272	-1,58885788917542
1238006272	-1,58891248703003
1240006272	-1,59102380275726
1242006144	-1,59591102600098
1244006144	-1,60699439048767
1246006144	-1,61291599273682
1248006144	-1,60752189159393
1250006144	-1,59673118591309
1252006144	-1,59319853782654
1254006144	-1,60545587539673
1256006144	-1,62337112426758
1258006144	-1,63092112541199
1260006144	-1,62357330322266
1262006144	-1,61002099514008
1264006144	-1,60654437541962
1266006144	-1,61527276039124
1268006144	-1,6244090795517
1270006144	-1,6292610168457
1272006144	-1,6266964673996
1274006144	-1,62607717514038
1276006144	-1,62491798400879
1278006144	-1,62706851959229
1280006144	-1,62993550300598
1282006144	-1,6351637840271
1284006144	-1,63955950737
1286006144	-1,63468945026398
1288006144	-1,62534785270691
1290006144	-1,61964905261993
1292006144	-1,62935781478882
1294006144	-1,65108847618103
1296006144	-1,66413009166718
1298006016	-1,65807843208313
1300006016	-1,63863086700439
1302006016	-1,6244809627533
1304006016	-1,63077330589294
1306006016	-1,64837026596069
1308006016	-1,66354823112488
1310006016	-1,66642212867737
1312006016	-1,66197955608368
1314006016	-1,65735816955566
1316006016	-1,65811109542847
1318006016	-1,66323959827423
1320006016	-1,66563129425049
1322006016	-1,66350305080414
1324006016	-1,65483474731445
1326006016	-1,64152050018311
1328006016	-1,63344836235046
1330006016	-1,6377032995224
1332006016	-1,65267825126648
1334006016	-1,66812968254089
1336006016	-1,66820788383484
1338006016	-1,65672779083252
1340006016	-1,64703547954559
1342006016	-1,65446388721466
1344006016	-1,67618727684021
1346006016	-1,69536364078522
1348006016	-1,69995737075806
1350006016	-1,69349908828735
1352006016	-1,68619441986084
1354006016	-1,68523454666138
1356005888	-1,68915271759033
1358005888	-1,69192373752594
1360005888	-1,68867409229279
1362005888	-1,67786073684692
1364005888	-1,66239881515503
1366005888	-1,65517473220825
1368005888	-1,66034412384033
1370005888	-1,67803835868835
1372005888	-1,69625413417816
1374005888	-1,70126140117645
1376005888	-1,69284117221832
1378005888	-1,68392729759216
1380005888	-1,6872216463089
1382005888	-1,70564949512482
1384005888	-1,72387969493866
1386005888	-1,72950077056885
1388005888	-1,72487282752991
1390005888	-1,7191367149353
1392005888	-1,71698641777039
1394005888	-1,71802294254303
1396005888	-1,71479630470276
1398005888	-1,70292162895203
1400005888	-1,694251537323
1402005888	-1,68990421295166
1404005888	-1,69001412391663
1406005888	-1,69390189647675
1408005888	-1,69957649707794
1410005888	-1,70527958869934
1412005760	-1,71145606040955
1414005760	-1,71383011341095
1416005760	-1,71427536010742
1418005760	-1,7181271314621
1420005760	-1,7271488904953
1422005760	-1,73670160770416
1424005760	-1,74260485172272
1426005760	-1,7409770488739
1428005760	-1,73559498786926
1430005760	-1,73232078552246
1432005760	-1,73008441925049
1434005760	-1,7277193069458
1436005760	-1,72053575515747
1438005760	-1,71087408065796
1440005760	-1,70966386795044
1442005760	-1,71123218536377
1444005760	-1,71364080905914
1446005760	-1,71775102615356
1448005760	-1,72484385967255
1450005760	-1,73255777359009
1452005760	-1,7410694360733
1454005760	-1,74688327312469
1456005760	-1,75159633159637
1458005760	-1,757004737854
1460005760	-1,76043403148651
1462005760	-1,7635326385498
1464005760	-1,76603507995605
1466005760	-1,76840007305145
1468005760	-1,76834869384766
1470005632	-1,76921701431274
1472005632	-1,76380467414856
1474005632	-1,75479054450989
1476005632	-1,74498629570007
1478005632	-1,74215841293335
1480005632	-1,74736130237579
1482005632	-1,75415813922882
1484005632	-1,75745141506195
1486005632	-1,75881743431091
1488005632	-1,76388394832611
1490005632	-1,77121329307556
1492005632	-1,78027820587158
1494005632	-1,78857910633087
1496005632	-1,79437017440796
1498005632	-1,79945290088654
1500005632	-1,80487215518951
1502005632	-1,8095988035202
1504005632	-1,81271004676819
1506005632	-1,81163120269775
1508005632	-1,80672538280487
1510005632	-1,79901480674744
1512005632	-1,78933918476105
1514005632	-1,78214609622955
1516005632	-1,78163552284241
1518005632	-1,78911578655243
1520005632	-1,79822015762329
1522005632	-1,80008673667908
1524005632	-1,79687261581421
1526005504	-1,79795253276825
1528005504	-1,80730044841766
1530005504	-1,82115173339844
1532005504	-1,82623040676117
1534005504	-1,82174301147461
1536005504	-1,81844174861908
1538005504	-1,8243715763092
1540005504	-1,83882772922516
1542005504	-1,84947061538696
1544005504	-1,85246884822845
1546005504	-1,84942829608917
1548005504	-1,8488883972168
1550005504	-1,85174107551575
1552005504	-1,85339188575745
1554005504	-1,85146939754486
1556005504	-1,84943091869354
1558005504	-1,84941112995148
1560005504	-1,84723091125488
1562005504	-1,84281837940216
1564005504	-1,83639478683472
1566005504	-1,83583915233612
1568005504	-1,84300005435944
1570005504	-1,84748637676239
1572005504	-1,84274387359619
1574005504	-1,83827412128448
1576005504	-1,84226274490356
1578005504	-1,85828161239624
1580005504	-1,87560367584229
1582005504	-1,88192558288574
1584005376	-1,87701392173767
1586005376	-1,8739652633667
1588005376	-1,87771058082581
1590005376	-1,88454926013947
1592005376	-1,892937541008
1594005376	-1,89774405956268
1596005376	-1,89900422096252
1598005376	-1,89759790897369
1600005376	-1,89156579971313
1602005376	-1,88282322883606
1604005376	-1,879958152771
1606005376	-1,88359618186951
1608005376	-1,88674080371857
1610005376	-1,88207530975342
1612005376	-1,87303590774536
1614005376	-1,87534332275391
1616005376	-1,89282512664795
1618005376	-1,91456151008606
1620005376	-1,92309510707855
1622005376	-1,91811060905457
1624005376	-1,91442739963531
1626005376	-1,92400872707367
1628005376	-1,93937158584595
1630005376	-1,95045351982117
1632005376	-1,94808959960938
1634005376	-1,93960082530975
1636005376	-1,930624127388
1638005376	-1,92450296878815
1640005248	-1,91777610778809
1642005248	-1,9141389131546
1644005248	-1,91273736953735
1646005248	-1,91170310974121
1648005248	-1,90568804740906
1650005248	-1,89907240867615
1652005248	-1,90413641929626
1654005248	-1,92357778549194
1656005248	-1,94772374629974
1658005248	-1,96033048629761
1660005248	-1,95581579208374
1662005248	-1,94641375541687
1664005248	-1,95252168178558
1666005248	-1,97278916835785
1668005248	-1,98868453502655
1670005248	-1,98792552947998
1672005248	-1,97248446941376
1674005248	-1,95665311813354
1676005248	-1,95010089874268
1678005248	-1,94595050811768
1680005248	-1,94319701194763
1682005248	-1,93750393390656
1684005248	-1,93521523475647
1686005248	-1,93132770061493
1688005248	-1,9267635345459
1690005248	-1,92903161048889
1692005248	-1,93931519985199
1694005248	-1,95726025104523
1696005120	-1,9721804857254
1698005120	-1,97505950927734
1700005120	-1,97459352016449
1702005120	-1,98075652122498
1704005120	-1,99852466583252
1706005120	-2,01473021507263
1708005120	-2,0145742893219
1710005120	-2,00181198120117
1712005120	-1,98964977264404
1714005120	-1,98153567314148
1716005120	-1,98209047317505
1718005120	-1,9771466255188
1720005120	-1,96833562850952
1722005120	-1,96167159080505
1724005120	-1,95626330375671
1726005120	-1,95567262172699
1728005120	-1,95985424518585
1730005120	-1,97191405296326
1732005120	-1,98970627784729
1734005120	-2,00538492202759
1736005120	-2,00643610954285
1738005120	-1,99941945075989
1740005120	-1,99881136417389
1742005120	-2,01374578475952
1744005120	-2,03252506256104
1746005120	-2,04088926315308
1748005120	-2,02697777748108
1750005120	-2,0057897567749
1752005120	-1,99293851852417
1754004992	-1,99290871620178
1756004992	-1,99535441398621
1758004992	-1,99176442623138
1760004992	-1,98712038993835
1762004992	-1,98264610767365
1764004992	-1,98490214347839
1766004992	-1,98950064182281
1768004992	-1,99919462203979
1770004992	-2,00904154777527
1772004992	-2,01934766769409
1774004992	-2,02710175514221
1776004992	-2,02830505371094
1778004992	-2,02726030349731
1780004992	-2,03151035308838
1782004992	-2,03972506523132
1784004992	-2,04417514801025
1786004992	-2,0394172668457
1788004992	-2,03059339523315
1790004992	-2,02798461914063
1792004992	-2,03353977203369
1794004992	-2,03914976119995
1796004992	-2,03661155700684
1798004992	-2,02791953086853
1800004992	-2,02167654037476
1802004992	-2,02083301544189
1804004992	-2,02519631385803
1806004992	-2,03037762641907
1808004992	-2,0382068157196
1810004864	-2,04836821556091
1812004864	-2,058180809021
1814004864	-2,06159543991089
1816004864	-2,06277632713318
1818004864	-2,07049036026001
1820004864	-2,0858850479126
1822004864	-2,10069942474365
1824004864	-2,10498976707459
1826004864	-2,09483766555786
1828004864	-2,08421111106873
1830004864	-2,08103895187378
1832004864	-2,08656692504883
1834004864	-2,08886122703552
1836004864	-2,08329629898071
1838004864	-2,07064437866211
1840004864	-2,06538581848145
1842004864	-2,065505027771
1844004864	-2,06574416160584
1846004864	-2,06418919563293
1848004864	-2,06401562690735
1850004864	-2,06726932525635
1852004864	-2,07774472236633
1854004864	-2,08739829063416
1856004864	-2,09527993202209
1858004864	-2,104647397995
1860004864	-2,11576008796692
1862004864	-2,12384033203125
1864004864	-2,12705683708191
1866004864	-2,12272596359253
1868004736	-2,1220874786377
1870004736	-2,12721490859985
1872004736	-2,13214683532715
1874004736	-2,12947511672974
1876004736	-2,12016534805298
1878004736	-2,11025500297546
1880004736	-2,10486912727356
1882004736	-2,10181331634521
1884004736	-2,09477233886719
1886004736	-2,08957242965698
1888004736	-2,08920550346375
1890004736	-2,0982449054718
1892004736	-2,10741710662842
1894004736	-2,11318254470825
1896004736	-2,12215948104858
1898004736	-2,1388533115387
1900004736	-2,16073775291443
1902004736	-2,17650604248047
1904004736	-2,17654871940613
1906004736	-2,16835403442383
1908004736	-2,16505098342896
1910004736	-2,16531729698181
1912004736	-2,16210246086121
1914004736	-2,1517128944397
1916004736	-2,13704800605774
1918004736	-2,12707877159119
1920004736	-2,12012910842896
1922004736	-2,11308526992798
1924004608	-2,10179471969604
1926004608	-2,09372544288635
1928004608	-2,09618258476257
1930004608	-2,1031699180603
1932004608	-2,10903143882751
1934004608	-2,11408829689026
1936004608	-2,13172483444214
1938004608	-2,16449642181396
1940004608	-2,1975839138031
1942004608	-2,20731043815613
1944004608	-2,19592976570129
1946004608	-2,1847550868988
1948004608	-2,18869018554688
1950004608	-2,20558786392212
1952004608	-2,21342372894287
1954004608	-2,20169925689697
1956004608	-2,17781591415405
1958004608	-2,15577745437622
1960004608	-2,1388521194458
1962004608	-2,12262773513794
1964004608	-2,11105060577393
1966004608	-2,10795021057129
1968004608	-2,1142430305481
1970004608	-2,12035846710205
1972004608	-2,12500286102295
1974004608	-2,13114523887634
1976004608	-2,15464758872986
1978004608	-2,18646121025085
1980004608	-2,21153688430786
1982004480	-2,2164294719696
1984004480	-2,21061325073242
1986004480	-2,2138307094574
1988004480	-2,22811508178711
1990004480	-2,24397754669189
1992004480	-2,23705625534058
1994004480	-2,2140052318573
1996004480	-2,18720436096191
1998004480	-2,16893625259399
2000004480	-2,15600657463074
2002004480	-2,14478039741516
2004004480	-2,14096021652222
2006004480	-2,14259433746338
2008004480	-2,14525580406189
2010004480	-2,14705276489258
2012004480	-2,15579009056091
2014004480	-2,17917919158936
2016004480	-2,21365118026733
2018004480	-2,24080657958984
2020004480	-2,2432758808136
2022004480	-2,22994947433472
2024004480	-2,22338700294495
2026004480	-2,23744225502014
2028004480	-2,25956082344055
2030004480	-2,26638031005859
2032004480	-2,250403881073
2034004480	-2,22378039360046
2036004480	-2,20528221130371
2038004352	-2,19579100608826
2040004352	-2,19158363342285
2042004352	-2,18688058853149
2044004352	-2,18709659576416
2046004352	-2,18889260292053
2048004352	-2,19200277328491
2050004352	-2,19673180580139
2052004352	-2,21898055076599
2054004352	-2,25259923934937
2056004352	-2,28669714927673
2058004352	-2,29848170280457
2060004352	-2,28665804862976
2062004352	-2,27372097969055
2064004352	-2,28388643264771
2066004352	-2,31296038627625
2068004352	-2,33436965942383
2070004352	-2,32321047782898
2072004352	-2,2888011932373
2074004352	-2,25894093513489
2076004352	-2,24589681625366
2078004352	-2,24337244033813
2080004352	-2,24505162239075
2082004352	-2,23974895477295
2084004352	-2,23614192008972
2086004352	-2,23465299606323
2088004352	-2,23857712745667
2090004352	-2,2486457824707
2092004352	-2,27368807792664
2094004352	-2,29832243919373
2096004224	-2,3077564239502
2098004224	-2,2929744720459
2100004224	-2,27433252334595
2102004224	-2,27543306350708
2104004224	-2,30489730834961
2106004224	-2,33417201042175
2108004224	-2,33678102493286
2110004224	-2,31040215492249
2112004224	-2,27744007110596
2114004224	-2,26357555389404
2116004224	-2,26635360717773
2118004224	-2,27262139320374
2120004224	-2,26896286010742
2122004224	-2,25893712043762
2124004224	-2,25388264656067
2126004224	-2,25470495223999
2128004224	-2,26195597648621
2130004224	-2,27715969085693
2132004224	-2,29653716087341
2134004224	-2,30483651161194
2136004224	-2,30005955696106
2138004224	-2,28998398780823
2140004224	-2,29066252708435
2142004224	-2,31415009498596
2144004224	-2,34525394439697
2146004224	-2,36286687850952
2148004096	-2,35449266433716
2150004224	-2,32788467407227
2152004096	-2,31270790100098
2154004224	-2,30986976623535
2156004096	-2,3122673034668
2158004224	-2,30426263809204
2160004096	-2,29114627838135
2162004224	-2,27756452560425
2164004096	-2,27443885803223
2166004224	-2,27888536453247
2168004096	-2,28611612319946
2170004224	-2,29710531234741
2172004096	-2,30624055862427
2174004224	-2,308265209198
2176004096	-2,3026385307312
2178004224	-2,30114603042603
2180004096	-2,31770586967468
2182003968	-2,35440945625305
2184004096	-2,3842658996582
2186003968	-2,3914430141449
2188004096	-2,37262439727783
2190003968	-2,35417628288269
2192004096	-2,35028314590454
2194003968	-2,35959243774414
2196004096	-2,36297512054443
2198003968	-2,34922218322754
2200004096	-2,32802486419678
2202003968	-2,31303429603577
2204004096	-2,31125140190125
2206003968	-2,31179642677307
2208004096	-2,31154561042786
2210003968	-2,30690169334412
2212004096	-2,30584716796875
2214003968	-2,30942463874817
2216004096	-2,32247734069824
2218003968	-2,34287238121033
2220004096	-2,37248468399048
2222003968	-2,40329647064209
2224004096	-2,42283725738525
2226003968	-2,42476391792297
2228004096	-2,41764521598816
2230003968	-2,40991306304932
2232004096	-2,40193867683411
2234003968	-2,39044213294983
2236004096	-2,37142014503479
2238003968	-2,34939956665039
2240003840	-2,34102892875671
2242003968	-2,34000396728516
2244003840	-2,33819580078125
2246003968	-2,32904100418091
2248003840	-2,32416772842407
2250003968	-2,33054995536804
2252003840	-2,34661769866943
2254003968	-2,35676169395447
2256003840	-2,36984491348267
2258003968	-2,39569091796875
2260003840	-2,43817615509033
2262003968	-2,47815823554993
2264003840	-2,49363994598389
2266003968	-2,47686004638672
2268003840	-2,44582557678223
2270003968	-2,42491841316223
2272003840	-2,42070460319519
2274003968	-2,417893409729
2276003840	-2,4048593044281
2278003968	-2,38838672637939
2280003840	-2,37588500976563
2282003968	-2,36837434768677
2284003840	-2,35909199714661
2286003968	-2,35217428207397
2288003840	-2,35316276550293
2290003968	-2,36668491363525
2292003840	-2,381263256073
2294003712	-2,39276552200317
2296003840	-2,40826344490051
2298003712	-2,43951511383057
2300003840	-2,47958445549011
2302003712	-2,50856828689575
2304003840	-2,51091456413269
2306003712	-2,49295544624329
2308003840	-2,47753548622131
2310003712	-2,47168254852295
2312003840	-2,46936297416687
2314003712	-2,46005868911743
2316003840	-2,44247627258301
2318003712	-2,42529344558716
2320003840	-2,40999460220337
2322003712	-2,39319539070129
2324003840	-2,37669825553894
2326003712	-2,36937808990479
2328003840	-2,38044691085815
2330003712	-2,40137243270874
2332003840	-2,41812324523926
2334003712	-2,42955183982849
2336003840	-2,45230603218079
2338003712	-2,49705457687378
2340003840	-2,54224801063538
2342003712	-2,55751514434814
2344003840	-2,53217124938965
2346003712	-2,49169445037842
2348003840	-2,46448397636414
2350003712	-2,4612774848938
2352003584	-2,4659218788147
2354003712	-2,46143794059753
2356003584	-2,44410061836243
2358003712	-2,42649579048157
2360003584	-2,40781331062317
2362003712	-2,39565825462341
2364003584	-2,39392495155334
2366003712	-2,40781569480896
2368003584	-2,42961859703064
2370003712	-2,44581031799316
2372003584	-2,44903302192688
2374003712	-2,4593493938446
2376003584	-2,49177169799805
2378003712	-2,54036378860474
2380003584	-2,56718134880066
2382003712	-2,55112886428833
2384003584	-2,50922107696533
2386003712	-2,48232483863831
2388003584	-2,48754978179932
2390003712	-2,51235151290894
2392003584	-2,51820063591003
2394003712	-2,49782276153564
2396003584	-2,46456456184387
2398003712	-2,43616247177124
2400003584	-2,41889309883118
2402003712	-2,41113924980164
2404003584	-2,41246509552002
2406003712	-2,42204093933105
2408003584	-2,43336606025696
2410003456	-2,43909621238709
2412003584	-2,44416260719299
2414003456	-2,46171617507935
2416003584	-2,49687504768372
2418003456	-2,526935338974
2420003584	-2,52664852142334
2422003456	-2,4961884021759
2424003584	-2,46444964408875
2426003456	-2,46078443527222
2428003584	-2,48219442367554
2430003456	-2,49887895584106
2432003584	-2,49351906776428
2434003456	-2,46893095970154
2436003584	-2,44117164611816
2438003456	-2,42605066299438
2440003584	-2,42529082298279
2442003456	-2,43351793289185
2444003584	-2,44736933708191
2446003456	-2,46046042442322
2448003584	-2,46102404594421
2450003456	-2,45916867256165
2452003584	-2,47700595855713
2454003456	-2,51937055587769
2456003584	-2,56304860115051
2458003456	-2,5705714225769
2460003584	-2,53368520736694
2462003456	-2,48785996437073
2464003584	-2,47838973999023
2466003456	-2,51433348655701
2468003328	-2,56006479263306
2470003456	-2,56983089447021
2472003328	-2,54363656044006
2474003456	-2,50444149971008
2476003328	-2,48378014564514
2478003456	-2,48405838012695
2480003328	-2,48906970024109
2482003456	-2,49031448364258
2484003328	-2,48560690879822
2486003456	-2,47927498817444
2488003328	-2,47769451141357
2490003456	-2,49121022224426
2492003328	-2,52420711517334
2494003456	-2,56049656867981
2496003328	-2,57783174514771
2498003456	-2,56001043319702
2500003328	-2,52641797065735
2502003456	-2,51374816894531
2504003328	-2,53727054595947
2506003456	-2,58122682571411
2508003328	-2,60469579696655
2510003456	-2,59003210067749
2512003328	-2,55699753761292
2514003456	-2,53113722801209
2516003328	-2,52148747444153
2518003456	-2,51915955543518
2520003328	-2,51200771331787
2522003200	-2,49848818778992
2524003328	-2,48599863052368
2526003200	-2,48141074180603
2528003328	-2,48887848854065
2530003200	-2,50767827033997
2532003328	-2,53659248352051
2534003200	-2,55643725395203
2536003328	-2,55566072463989
2538003200	-2,53571796417236
2540003328	-2,52302074432373
2542003200	-2,53972506523132
2544003328	-2,57966876029968
2546003200	-2,61369228363037
2548003328	-2,615483045578
2550003200	-2,59403514862061
2552003328	-2,56959056854248
2554003200	-2,55866074562073
2556003328	-2,55133366584778
2558003200	-2,53584599494934
2560003328	-2,51347541809082
2562003200	-2,49921607971191
2564003328	-2,49610161781311
2566003200	-2,50400733947754
2568003328	-2,51933240890503
2570003200	-2,546306848526
2572003328	-2,57388091087341
2574003200	-2,58931303024292
2576003328	-2,59022212028503
2578003200	-2,58170866966248
2580003072	-2,59301233291626
2582003200	-2,62978315353394
2584003072	-2,67529368400574
2586003200	-2,69499492645264
2588003072	-2,67520189285278
2590003200	-2,63821983337402
2592003072	-2,60602998733521
2594003200	-2,58378267288208
2596003072	-2,56306838989258
2598003200	-2,53667306900024
2600003072	-2,51325511932373
2602003200	-2,5075376033783
2604003072	-2,51804566383362
2606003200	-2,52981066703796
2608003072	-2,54214715957642
2610003200	-2,55747509002686
2612003072	-2,58161306381226
2614003200	-2,60726428031921
2616003072	-2,61797785758972
2618003200	-2,62178897857666
2620003072	-2,63585615158081
2622003200	-2,66958427429199
2624003072	-2,69895267486572
2626003200	-2,70112228393555
2628003072	-2,67059946060181
2630003200	-2,63012313842773
2632003072	-2,60010480880737
2634003200	-2,58301138877869
2636003072	-2,57122898101807
2638002944	-2,55701351165771
2640003072	-2,55200862884521
2642002944	-2,55490493774414
2644003072	-2,55807280540466
2646002944	-2,55446314811707
2648003072	-2,55716443061829
2650002944	-2,57692456245422
2652003072	-2,60863351821899
2654002944	-2,6326105594635
2656003072	-2,63609862327576
2658002944	-2,63737726211548
2660003072	-2,65282344818115
2662002944	-2,684730052948
2664003072	-2,7063000202179
2666002944	-2,69521737098694
2668003072	-2,66083908081055
2670002944	-2,62795114517212
2672003072	-2,61190700531006
2674002944	-2,60756731033325
2676003072	-2,60299181938171
2678002944	-2,5997953414917
2680003072	-2,60153651237488
2682002944	-2,60504961013794
2684003072	-2,60096597671509
2686002944	-2,59519457817078
2688003072	-2,60153532028198
2690002944	-2,63195395469666
2692002816	-2,66101384162903
2694002944	-2,6737847328186
2696002816	-2,66674852371216
2698002944	-2,65802884101868
2700002816	-2,6692852973938
2702002944	-2,69163846969604
2704002816	-2,69585180282593
2706002944	-2,67669630050659
2708002816	-2,64401817321777
2710002944	-2,62069439888
2712002816	-2,61726260185242
2714002944	-2,62424969673157
2716002816	-2,63602948188782
2718002944	-2,64578104019165
2720002816	-2,64984655380249
2722002944	-2,64524459838867
2724002816	-2,63837933540344
2726002944	-2,64558291435242
2728002816	-2,67492389678955
2730002944	-2,70673871040344
2732002816	-2,71706342697144
2734002944	-2,70523548126221
2736002816	-2,69474744796753
2738002944	-2,71188640594482
2740002816	-2,74421215057373
2742002944	-2,76271843910217
2744002816	-2,7466082572937
2746002944	-2,70780897140503
2748002816	-2,68074989318848
2750002688	-2,67837190628052
2752002816	-2,6946439743042
2754002688	-2,703533411026
2756002816	-2,70432996749878
2758002688	-2,70033121109009
2760002816	-2,69194483757019
2762002688	-2,67940306663513
2764002816	-2,67238116264343
2766002688	-2,68335437774658
2768002816	-2,71127891540527
2770002688	-2,73240232467651
2772002816	-2,72799038887024
2774002688	-2,70492815971375
2776002816	-2,69155764579773
2778002688	-2,70620393753052
2780002816	-2,73617792129517
2782002688	-2,74438953399658
2784002816	-2,72693037986755
2786002688	-2,69552683830261
2788002816	-2,67954468727112
2790002688	-2,68552994728088
2792002816	-2,70113658905029
2794002688	-2,71599984169006
2796002816	-2,72470331192017
2798002688	-2,7305269241333
2800002816	-2,7270655632019
2802002688	-2,72833728790283
2804002816	-2,74393939971924
2806002688	-2,77406454086304
2808002560	-2,79950594902039
2810002688	-2,79754137992859
2812002560	-2,77406454086304
2814002688	-2,76117372512817
2816002560	-2,77818584442139
2818002688	-2,81483268737793
2820002560	-2,83864116668701
2822002688	-2,82213234901428
2824002560	-2,7865424156189
2826002688	-2,75888681411743
2828002560	-2,75941824913025
2830002688	-2,77785539627075
2832002560	-2,79286742210388
2834002688	-2,79558777809143
2836002560	-2,78978610038757
2838002688	-2,78494310379028
2840002560	-2,78253293037415
2842002688	-2,79266405105591
2844002560	-2,81485843658447
2846002688	-2,8438720703125
2848002560	-2,85084271430969
2850002688	-2,83358812332153
2852002560	-2,806227684021
2854002688	-2,80017352104187
2856002560	-2,819007396698
2858002688	-2,84152460098267
2860002560	-2,83997178077698
2862002688	-2,82155466079712
2864002560	-2,8078727722168
2866002432	-2,81640553474426
2868002560	-2,83986210823059
2870002432	-2,85404062271118
2872002560	-2,8547739982605
2874002432	-2,84611105918884
2876002560	-2,83674621582031
2878002432	-2,82673311233521
2880002560	-2,82364177703857
2882002432	-2,83177042007446
2884002560	-2,84558796882629
2886002432	-2,85902214050293
2888002560	-2,85427308082581
2890002432	-2,84050583839417
2892002560	-2,83369731903076
2894002432	-2,85098886489868
2896002560	-2,87628126144409
2898002432	-2,88616466522217
2900002560	-2,8731369972229
2902002432	-2,8556797504425
2904002560	-2,8533923625946
2906002432	-2,86553859710693
2908002560	-2,87802195549011
2910002432	-2,8772611618042
2912002560	-2,86819982528687
2914002432	-2,8621187210083
2916002560	-2,85824728012085
2918002432	-2,85488939285278
2920002304	-2,85158610343933
2922002432	-2,86052680015564
2924002304	-2,87586498260498
2926002432	-2,88764953613281
2928002304	-2,88458919525146
2930002432	-2,88318681716919
2932002304	-2,89749097824097
2934002432	-2,9293384552002
2936002304	-2,95429921150208
2938002432	-2,94974112510681
2940002304	-2,92934608459473
2942002432	-2,91146159172058
2944002304	-2,90466046333313
2946002432	-2,90191054344177
2948002304	-2,88835477828979
2950002432	-2,86534595489502
2952002304	-2,8533923625946
2954002432	-2,84955048561096
2956002304	-2,84539127349854
2958002432	-2,83861875534058
2960002304	-2,83626675605774
2962002432	-2,85476326942444
2964002304	-2,88563251495361
2966002432	-2,9050829410553
2968002304	-2,90281438827515
2970002432	-2,8972647190094
2972002304	-2,90581035614014
2974002432	-2,92702722549438
2976002304	-2,94450068473816
2978002176	-2,94264793395996
2980002304	-2,92732667922974
2982002176	-2,91306495666504
2984002304	-2,90212845802307
2986002176	-2,88896560668945
2988002304	-2,87206768989563
2990002176	-2,86025500297546
2992002304	-2,86084508895874
2994002176	-2,8599009513855
2996002304	-2,85331463813782
2998002176	-2,84695529937744
3000002304	-2,85440015792847
3002002176	-2,88537216186523
3004002304	-2,91410064697266
3006002176	-2,92491888999939
3008002304	-2,91986107826233
3010002176	-2,92708516120911
3012002304	-2,95605158805847
3014002176	-2,9898042678833
3016002304	-3,00149154663086
3018002176	-2,98064422607422
3020002304	-2,95112228393555
3022002176	-2,93203735351563
3024002304	-2,92127513885498
3026002176	-2,91084289550781
3028002304	-2,89918875694275
3030002176	-2,89716768264771
3032002304	-2,89932823181152
3034002176	-2,89707803726196
3036002048	-2,88826823234558
3038002176	-2,89285445213318
3040002048	-2,92412710189819
3042002176	-2,97044086456299
3044002048	-2,99516868591309
3046002176	-2,98234844207764
3048002048	-2,95732879638672
3050002176	-2,95503616333008
3052002048	-2,98278307914734
3054002176	-3,00823712348938
3056002048	-3,00082802772522
3058002176	-2,96444654464722
3060002048	-2,92996692657471
3062002176	-2,91432857513428
3064002048	-2,91464924812317
3066002176	-2,92056798934937
3068002048	-2,92935466766357
3070002176	-2,93628454208374
3072002048	-2,941086769104
3074002176	-2,94025063514709
3076002048	-2,94962549209595
3078002176	-2,98912286758423
3080002048	-3,04802775382996
3082002176	-3,08628797531128
3084002048	-3,06971168518066
3086002176	-3,0155873298645
3088002048	-2,97899627685547
3090001920	-2,99485206604004
3092002048	-3,03681397438049
3094001920	-3,04909229278564
3096002048	-3,01545977592468
3098001920	-2,96442031860352
3100002048	-2,93460178375244
3102001920	-2,93406367301941
3104002048	-2,9418957233429
3106001920	-2,94193696975708
3108002048	-2,94246530532837
3110001920	-2,94685792922974
3112002048	-2,95330715179443
3114001920	-2,95659518241882
3116002048	-2,96925687789917
3118001920	-2,99756813049316
3120002048	-3,03409051895142
3122001920	-3,0425386428833
3124002048	-3,01430130004883
3126001920	-2,97660875320435
3128002048	-2,97241067886353
3130001920	-3,0079607963562
3132002048	-3,03994798660278
3134001920	-3,03084802627563
3136002048	-2,98719692230225
3138001920	-2,94206428527832
3140002048	-2,92784714698792
3142001920	-2,93518424034119
3144002048	-2,94775366783142
3146001920	-2,95699095726013
3148001792	-2,95959448814392
3150001920	-2,96601819992065
3152001792	-2,9701828956604
3154001920	-2,98118329048157
3156001792	-3,00727701187134
3158001920	-3,04299020767212
3160001792	-3,05970430374146
3162001920	-3,04036021232605
3164001792	-3,00203847885132
3166001920	-2,97810292243958
3168001792	-2,98865365982056
3170001920	-3,01124572753906
3172001792	-3,00741171836853
3174001920	-2,97692656517029
3176001792	-2,94194602966309
3178001920	-2,93021702766418
3180001792	-2,93781709671021
3182001920	-2,94799852371216
3184001792	-2,95079374313354
3186001920	-2,94980883598328
3188001792	-2,95061540603638
3190001920	-2,95145463943481
3192001792	-2,95468592643738
3194001920	-2,96658515930176
3196001792	-2,98867177963257
3198001920	-3,00620818138123
3200001792	-2,99622082710266
3202001920	-2,96548867225647
3204001792	-2,94652462005615
3206001664	-2,96408605575562
3208001792	-3,00152444839478
3210001664	-3,02122449874878
3212001792	-3,00387024879456
3214001664	-2,96503043174744
3216001792	-2,9421558380127
3218001664	-2,94015693664551
3220001792	-2,94449687004089
3222001664	-2,94181323051453
3224001792	-2,93901586532593
3226001664	-2,94805479049683
3228001792	-2,96365165710449
3230001664	-2,97050452232361
3232001792	-2,97547674179077
3234001664	-2,99797105789185
3236001792	-3,04084205627441
3238001664	-3,0726056098938
3240001792	-3,06596851348877
3242001664	-3,02992916107178
3244001792	-3,00243091583252
3246001664	-3,0099024772644
3248001792	-3,03742384910584
3250001664	-3,04574131965637
3252001792	-3,0251157283783
3254001664	-2,99632978439331
3256001792	-2,98038125038147
3258001664	-2,98444247245789
3260001792	-2,98484802246094
3262001664	-2,97896385192871
3264001536	-2,97854208946228
3266001664	-2,9828188419342
3268001536	-2,9895920753479
3270001664	-2,9891939163208
3272001536	-2,99631023406982
3274001664	-3,0213987827301
3276001536	-3,05551409721375
3278001664	-3,06966090202332
3280001536	-3,05539798736572
3282001664	-3,03271007537842
3284001536	-3,03409433364868
3286001664	-3,06127977371216
3288001536	-3,09045815467834
3290001664	-3,09487104415894
3292001536	-3,07422018051147
3294001664	-3,04927158355713
3296001536	-3,03141450881958
3298001664	-3,01514410972595
3300001536	-3,00165891647339
3302001664	-2,99600958824158
3304001536	-3,00119161605835
3306001664	-3,0044379234314
3308001536	-2,99457430839539
3310001664	-2,98340201377869
3312001536	-2,99975538253784
3314001664	-3,05207872390747
3316001536	-3,1093864440918
3318001408	-3,12575531005859
3320001536	-3,09981608390808
3322001408	-3,06762957572937
3324001536	-3,07046437263489
3326001408	-3,10301923751831
3328001536	-3,13158750534058
3330001408	-3,1241295337677
3332001536	-3,08386087417603
3334001408	-3,04281711578369
3336001536	-3,01466584205627
3338001408	-2,99980401992798
3340001536	-2,99318027496338
3342001408	-2,99193120002747
3344001536	-2,98917722702026
3346001408	-2,97735595703125
3348001536	-2,96430134773254
3350001408	-2,97159194946289
3352001536	-3,01879382133484
3354001408	-3,08692026138306
3356001536	-3,12863707542419
3358001408	-3,12080717086792
3360001536	-3,08583784103394
3362001408	-3,07217216491699
3364001536	-3,1032338142395
3366001408	-3,14816951751709
3368001536	-3,16058921813965
3370001408	-3,13004755973816
3372001536	-3,08072566986084
3374001408	-3,04640007019043
3376001280	-3,02957725524902
3378001408	-3,02360153198242
3380001280	-3,02401065826416
3382001408	-3,0259804725647
3384001280	-3,01977443695068
3386001408	-3,00492095947266
3388001280	-3,00299191474915
3390001408	-3,04367876052856
3392001280	-3,12988495826721
3394001408	-3,21122145652771
3396001280	-3,23517656326294
3398001408	-3,19886541366577
3400001280	-3,1541314125061
3402001408	-3,16167855262756
3404001280	-3,21420431137085
3406001408	-3,25413846969604
3408001280	-3,23676681518555
3410001408	-3,17908620834351
3412001280	-3,11889791488647
3414001408	-3,0912172794342
3416001280	-3,08501577377319
3418001408	-3,08159947395325
3420001280	-3,07163953781128
3422001408	-3,05702209472656
3424001280	-3,04373598098755
3426001408	-3,04354929924011
3428001280	-3,08098769187927
3430001408	-3,16121602058411
3432001280	-3,24590420722961
3434001152	-3,2883632183075
3436001280	-3,26356315612793
3438001152	-3,21669769287109
3440001280	-3,2065749168396
3442001152	-3,25074458122253
3444001280	-3,30177068710327
3446001152	-3,30491185188293
3448001280	-3,25346803665161
3450001152	-3,19232368469238
3452001280	-3,15821266174316
3454001152	-3,15261840820313
3456001280	-3,14898371696472
3458001152	-3,13347768783569
3460001280	-3,11794281005859
3462001152	-3,10578870773315
3464001280	-3,10376787185669
3466001152	-3,12550282478333
3468001280	-3,18573713302612
3470001152	-3,27126479148865
3472001280	-3,33734250068665
3474001152	-3,33807277679443
3476001280	-3,28295493125916
3478001152	-3,22771811485291
3480001280	-3,22419595718384
3482001152	-3,26403737068176
3484001280	-3,2921462059021
3486001152	-3,27324366569519
3488001024	-3,2247006893158
3490001152	-3,18226909637451
3492001024	-3,16254496574402
3494001152	-3,15350413322449
3496001024	-3,13920617103577
3498001152	-3,12380743026733
3500001024	-3,11694192886353
3502001152	-3,12397456169128
3504001024	-3,14947009086609
3506001152	-3,19978713989258
3508001024	-3,27242588996887
3510001152	-3,3364953994751
3512001024	-3,34988808631897
3514001152	-3,30501365661621
3516001024	-3,24722766876221
3518001152	-3,2315092086792
3520001024	-3,26360511779785
3522001152	-3,29580664634705
3524001024	-3,28770303726196
3526001152	-3,25192594528198
3528001024	-3,22196269035339
3530001152	-3,21513080596924
3532001024	-3,21240234375
3534001152	-3,19417691230774
3536001024	-3,16451191902161
3538001152	-3,1524338722229
3540001024	-3,16010594367981
3542001152	-3,17452573776245
3544001024	-3,1963038444519
3546000896	-3,23294353485107
3548001024	-3,28189849853516
3550000896	-3,31444931030273
3552001024	-3,30030488967896
3554000896	-3,25343084335327
3556001024	-3,21689319610596
3558000896	-3,23368072509766
3560001024	-3,28504681587219
3562000896	-3,32129812240601
3564001024	-3,32209253311157
3566000896	-3,30802083015442
3568001024	-3,30172419548035
3570000896	-3,29619669914246
3572001024	-3,27535653114319
3574000896	-3,24198222160339
3576001024	-3,21857786178589
3578000896	-3,22256350517273
3580001024	-3,24684000015259
3582000896	-3,26424598693848
3584001024	-3,28409767150879
3586000896	-3,32084155082703
3588001024	-3,35886240005493
3590000896	-3,36180448532104
3592001024	-3,3188214302063
3594000896	-3,26821613311768
3596001024	-3,25063896179199
3598000896	-3,28882336616516
3600001024	-3,34797739982605
3602000896	-3,38562488555908
3604000768	-3,39070606231689
3606000896	-3,38298225402832
3608000768	-3,36848282814026
3610000896	-3,34159398078918
3612000768	-3,29986929893494
3614000896	-3,26459050178528
3616000768	-3,25777268409729
3618000896	-3,27577924728394
3620000768	-3,29296231269836
3622000896	-3,2997875213623
3624000768	-3,32038140296936
3626000896	-3,36070442199707
3628000768	-3,38169860839844
3630000896	-3,36586809158325
3632000768	-3,30745983123779
3634000896	-3,26230788230896
3636000768	-3,27240419387817
3638000896	-3,33487939834595
3640000768	-3,39975571632385
3642000896	-3,43105125427246
3644000768	-3,42844915390015
3646000896	-3,41293954849243
3648000768	-3,3823504447937
3650000896	-3,34515690803528
3652000768	-3,30777215957642
3654000896	-3,29186701774597
3656000768	-3,30071663856506
3658000896	-3,31828546524048
3660000768	-3,33298492431641
3662000640	-3,35578632354736
3664000768	-3,38730049133301
3666000640	-3,41568350791931
3668000768	-3,42127084732056
3670000640	-3,3669958114624
3672000768	-3,30349898338318
3674000640	-3,28906273841858
3676000768	-3,34273958206177
3678000640	-3,42936992645264
3680000768	-3,48197078704834
3682000640	-3,47819185256958
3684000768	-3,42570638656616
3686000640	-3,36583185195923
3688000768	-3,31827759742737
3690000640	-3,2949206829071
3692000768	-3,27641820907593
3694000640	-3,27922296524048
3696000768	-3,26631164550781
3698000640	-3,28942036628723
3700000768	-3,31458282470703
3702000640	-3,36656761169434
3704000768	-3,4563934803009
3706000640	-3,51783514022827
3708000768	-3,48449945449829
3710000640	-3,42602610588074
3712000768	-3,35402536392212
3714000640	-3,3962390422821
3716000512	-3,51492643356323
3718000640	-3,62442779541016
3720000512	-3,65966296195984
3722000640	-3,62655973434448
3724000512	-3,5683798789978
3726000640	-3,51861524581909
3728000512	-3,47178792953491
3730000640	-3,41718912124634
3732000512	-3,36844110488892
3734000640	-3,34438300132751
3736000512	-3,34800219535828
3738000640	-3,37604641914368
3740000512	-3,43252062797546
3742000640	-3,51705574989319
3744000512	-3,59276795387268
3746000640	-3,60189628601074
3748000512	-3,53561162948608
3750000640	-3,45770859718323
3752000512	-3,46382975578308
3754000640	-3,57197523117065
3756000512	-3,70249700546265
3758000640	-3,76000428199768
3760000512	-3,72434186935425
3762000640	-3,64408159255981
3764000512	-3,57147216796875
3766000640	-3,52114701271057
3768000512	-3,4690113067627
3770000640	-3,42230701446533
3772000512	-3,40619897842407
3774000384	-3,43745040893555
3776000512	-3,49280309677124
3778000384	-3,54716205596924
3780000512	-3,58522844314575
3782000384	-3,60038423538208
3784000512	-3,59125280380249
3786000384	-3,53616333007813
3788000512	-3,47641181945801
3790000384	-3,46627283096313
3792000512	-3,533451795578
3794000384	-3,62959170341492
3796000512	-3,68523931503296
3798000384	-3,67270374298096
3800000512	-3,6182107925415
3802000384	-3,56898546218872
3804000512	-3,53327012062073
3806000384	-3,49704170227051
3808000512	-3,45508599281311
3810000384	-3,44438934326172
3812000512	-3,49493885040283
3814000384	-3,573974609375
3816000512	-3,64762735366821
3818000384	-3,68236255645752
3820000512	-3,68683481216431
3822000384	-3,6672043800354
3824000512	-3,61775636672974
3826000384	-3,5541410446167
3828000512	-3,50841617584229
3830000384	-3,52802968025208
3832000256	-3,60559487342834
3834000384	-3,67697143554688
3836000256	-3,69437098503113
3838000384	-3,66914749145508
3840000256	-3,63129854202271
3842000384	-3,60213255882263
3844000256	-3,56547260284424
3846000384	-3,51654744148254
3848000256	-3,49964237213135
3850000384	-3,56398963928223
3852000256	-3,68995523452759
3854000384	-3,80701565742493
3856000256	-3,8481593132019
3858000384	-3,81526732444763
3860000256	-3,7476224899292
3862000384	-3,68234825134277
3864000256	-3,62194752693176
3866000384	-3,5763213634491
3868000256	-3,56712961196899
3870000384	-3,61044526100159
3872000256	-3,67327547073364
3874000384	-3,70335078239441
3876000256	-3,68912124633789
3878000384	-3,6440327167511
3880000256	-3,6051025390625
3882000384	-3,57130265235901
3884000256	-3,5379204750061
3886000384	-3,53428483009338
3888000256	-3,59961605072021
3890000128	-3,72722959518433
3892000256	-3,84887838363647
3894000128	-3,89606738090515
3896000256	-3,85151815414429
3898000128	-3,77159643173218
3900000256	-3,7082257270813
3902000128	-3,66493225097656
3904000256	-3,62395644187927
3906000128	-3,59497261047363
3908000256	-3,59843444824219
3910000128	-3,65925574302673
3912000256	-3,71869993209839
3914000128	-3,74462628364563
3916000256	-3,72960424423218
3918000128	-3,69349575042725
3920000256	-3,64910244941711
3922000128	-3,60736513137817
3924000256	-3,59413599967957
3926000128	-3,65081810951233
3928000256	-3,77704191207886
3930000128	-3,91070604324341
3932000256	-3,97243285179138
3934000128	-3,93274521827698
3936000256	-3,84054207801819
3938000128	-3,75656723976135
3940000256	-3,70688581466675
3942000128	-3,66751718521118
3944000000	-3,62384366989136
3946000128	-3,61022353172302
3948000000	-3,64441823959351
3950000128	-3,70856475830078
3952000000	-3,75177979469299
3954000128	-3,75385737419128
3956000000	-3,72211790084839
3958000128	-3,67305326461792
3960000000	-3,62955379486084
3962000128	-3,60628628730774
3964000000	-3,64678835868835
3966000128	-3,7768235206604
3968000000	-3,94493222236633
3970000128	-4,05651330947876
3972000000	-4,04907703399658
3974000128	-3,94679093360901
3976000000	-3,8347647190094
3978000128	-3,77017879486084
3980000000	-3,74265885353088
3982000128	-3,70959162712097
3984000000	-3,67357778549194
3986000128	-3,67267489433289
3988000000	-3,72220158576965
3990000128	-3,78272652626038
3992000000	-3,8054621219635
3994000128	-3,76517057418823
3996000000	-3,69235610961914
3998000128	-3,62488508224487
4000000000	-3,60378384590149
