9000	0,116678170859814
2008995,5	-9,86901819705963E-02
4008991	-7,38285183906555E-02
6008986,5	-0,08051498234272
8008982	-0,10240513086319
10008978	-0,121116042137146
12008973	-0,145397081971169
14008968	-0,161666721105576
16008964	-0,171079352498055
18008960	-0,17705962061882
20008956	-0,18378110229969
22008950	-0,1950643658638
24008946	-0,197243973612785
26008942	-0,195145905017853
28008936	-0,201375901699066
30008932	-0,216896206140518
32008928	-0,232048124074936
34008924	-0,234841242432594
36008920	-0,240136951208115
38008916	-0,244469866156578
40008912	-0,252184391021729
42008904	-0,253427892923355
44008900	-0,255384922027588
46008896	-0,261844515800476
48008892	-0,273836672306061
50008888	-0,284782826900482
52008884	-0,287920504808426
54008880	-0,288861364126205
56008872	-0,295511454343796
58008868	-0,303347587585449
60008864	-0,307844638824463
62008860	-0,310060769319534
64008856	-0,311970472335815
66008852	-0,316960155963898
68008848	-0,324525982141495
70008840	-0,331637501716614
72008840	-0,337319731712341
74008832	-0,342046618461609
76008832	-0,346806228160858
78008824	-0,3494753241539
80008816	-0,349327147006989
82008816	-0,351259529590607
84008808	-0,357850193977356
86008808	-0,367612957954407
88008800	-0,37379714846611
90008800	-0,373995542526245
92008792	-0,373913913965225
94008792	-0,379404872655869
96008784	-0,387555360794067
98008776	-0,391633152961731
100008776	-0,39304193854332
102008768	-0,396309435367584
104008768	-0,402579724788666
106008760	-0,407095909118652
108008760	-0,41169536113739
110008752	-0,415239781141281
112008752	-0,419820725917816
114008744	-0,425244569778442
116008736	-0,426280379295349
118008736	-0,42918074131012
120008728	-0,431536883115768
122008728	-0,436263620853424
124008720	-0,441662341356277
126008720	-0,444598913192749
128008712	-0,447376191616058
130008704	-0,450103133916855
132008704	-0,456358939409256
134008696	-0,461302757263184
136008688	-0,463802546262741
138008688	-0,463361293077469
140008688	-0,468734264373779
142008688	-0,477197617292404
144008672	-0,482041716575623
146008672	-0,484091490507126
148008672	-0,484234929084778
150008656	-0,489496439695358
152008656	-0,491337060928345
154008656	-0,49502432346344
156008656	-0,49774706363678
158008640	-0,502434849739075
160008640	-0,507310569286346
162008640	-0,510021269321442
164008624	-0,508068084716797
166008624	-0,509720981121063
168008624	-0,516397833824158
170008624	-0,522577881813049
172008608	-0,524535477161407
174008608	-0,527189910411835
176008608	-0,530556678771973
178008592	-0,537386178970337
180008592	-0,541587889194489
182008592	-0,542839884757996
184008592	-0,543036103248596
186008576	-0,545831799507141
188008576	-0,551306843757629
190008576	-0,55539882183075
192008576	-0,557804346084595
194008560	-0,560577213764191
196008560	-0,566836357116699
198008560	-0,571044027805328
200008544	-0,570748150348663
202008544	-0,570221304893494
204008544	-0,572202324867249
206008544	-0,576069593429565
208008528	-0,581435799598694
210008528	-0,585006535053253
212008528	-0,588473916053772
214008512	-0,590715646743774
216008512	-0,59456467628479
218008512	-0,599925637245178
220008512	-0,603900194168091
222008496	-0,608791053295136
224008496	-0,609991192817688
226008496	-0,611383676528931
228008480	-0,613995373249054
230008480	-0,617474853992462
232008480	-0,622943580150604
234008480	-0,627719283103943
236008464	-0,630877554416656
238008464	-0,631207227706909
240008464	-0,630043745040894
242008448	-0,628591477870941
244008448	-0,630441665649414
246008448	-0,636641085147858
248008448	-0,640617370605469
250008432	-0,642684757709503
252008432	-0,645491600036621
254008432	-0,648476719856262
256008416	-0,654827952384949
258008416	-0,658795833587646
260008416	-0,661978244781494
262008416	-0,664236307144165
264008400	-0,667803764343262
266008400	-0,670271396636963
268008400	-0,674594879150391
270008384	-0,678927898406982
272008384	-0,683156132698059
274008384	-0,683110654354095
276008384	-0,679742455482483
278008384	-0,679363369941711
280008384	-0,682824969291687
282008352	-0,687986373901367
284008352	-0,691694736480713
286008352	-0,694290339946747
288008352	-0,696319043636322
290008352	-0,697819650173187
292008352	-0,700743079185486
294008352	-0,702814817428589
296008320	-0,707966089248657
298008320	-0,713442087173462
300008320	-0,71514356136322
302008320	-0,715966522693634
304008320	-0,71694028377533
306008320	-0,720790982246399
308008320	-0,726391553878784
310008288	-0,729712605476379
312008288	-0,729589343070984
314008288	-0,731990575790405
316008288	-0,733977913856506
318008288	-0,734098494052887
320008288	-0,736409783363342
322008288	-0,737925231456757
324008256	-0,742913007736206
326008256	-0,745692014694214
328008256	-0,746951937675476
330008256	-0,751005053520203
332008256	-0,756768524646759
334008256	-0,76147323846817
336008256	-0,762001752853394
338008224	-0,760047495365143
340008224	-0,758536577224731
342008224	-0,760589957237244
344008224	-0,765354037284851
346008224	-0,770639777183533
348008224	-0,773468971252441
350008224	-0,776115298271179
352008192	-0,775360584259033
354008192	-0,774031758308411
356008192	-0,776854515075684
358008192	-0,782188296318054
360008192	-0,787741303443909
362008192	-0,790258526802063
364008192	-0,791693806648254
366008192	-0,795276522636414
368008160	-0,798808455467224
370008160	-0,803558766841888
372008160	-0,80642431974411
374008160	-0,805538177490234
376008160	-0,807412803173065
378008160	-0,810158610343933
380008160	-0,813357770442963
382008128	-0,816765129566193
384008128	-0,818817555904388
386008128	-0,817514181137085
388008128	-0,818344116210938
390008128	-0,821999371051788
392008128	-0,824730336666107
394008128	-0,828995406627655
396008096	-0,831518292427063
398008096	-0,834459185600281
400008096	-0,838089227676392
402008096	-0,837369680404663
404008096	-0,84148120880127
406008096	-0,844314813613892
408008096	-0,846544981002808
410008064	-0,848674535751343
412008064	-0,848828017711639
414008064	-0,849303007125854
416008064	-0,850973665714264
418008064	-0,854137003421783
420008064	-0,858349561691284
422008064	-0,86150199174881
424008032	-0,863779902458191
426008032	-0,864582896232605
428008032	-0,866559028625488
430008032	-0,867214560508728
432008032	-0,868902921676636
434008032	-0,871619641780853
436008032	-0,876771867275238
438008000	-0,879670858383179
440008000	-0,881825745105743
442008000	-0,883579909801483
444008000	-0,888664841651917
446008000	-0,892001450061798
448008000	-0,892263650894165
450008000	-0,89202219247818
452007968	-0,89267498254776
454007968	-0,897761821746826
456007968	-0,902932405471802
458007968	-0,906502664089203
460007968	-0,907438933849335
462007968	-0,910029053688049
464007968	-0,910145163536072
466007936	-0,90990936756134
468007936	-0,910890340805054
470007936	-0,913838028907776
472007936	-0,919742286205292
474007936	-0,925813019275665
476007936	-0,928097426891327
478007936	-0,927803754806519
480007936	-0,932296574115753
482007904	-0,934477925300598
484007904	-0,937088787555695
486007904	-0,938198328018188
488007904	-0,939052104949951
490007904	-0,942209601402283
492007904	-0,947133183479309
494007904	-0,949867427349091
496007872	-0,950187981128693
498007872	-0,950150966644287
500007872	-0,950682282447815
502007872	-0,952864825725555
504007872	-0,953306794166565
506007872	-0,955787003040314
508007872	-0,95789498090744
510007840	-0,962280333042145
512007840	-0,965740203857422
514007840	-0,968615710735321
516007840	-0,970382988452911
518007840	-0,972533345222473
520007840	-0,974420070648193
522007840	-0,976998448371887
524007808	-0,977696657180786
526007808	-0,977935910224915
528007808	-0,982120931148529
530007808	-0,988942503929138
532007808	-0,996113777160645
534007808	-0,997861087322235
536007808	-0,996306002140045
538007808	-0,993085205554962
540007808	-0,992237865924835
542007808	-0,99445915222168
544007808	-0,999277114868164
546007744	-1,00294768810272
548007744	-1,00497531890869
550007744	-1,00601863861084
552007744	-1,00794923305511
554007744	-1,00969445705414
556007744	-1,01131117343903
558007744	-1,01342058181763
560007744	-1,01328837871552
562007744	-1,01463937759399
564007744	-1,01724600791931
566007744	-1,02228271961212
568007744	-1,02599048614502
570007744	-1,02970778942108
572007744	-1,03155398368835
574007680	-1,03223037719727
576007680	-1,03152084350586
578007680	-1,03464674949646
580007680	-1,04007053375244
582007680	-1,04854714870453
584007680	-1,05311810970306
586007680	-1,05383348464966
588007680	-1,05062508583069
590007680	-1,04878723621368
592007680	-1,04977571964264
594007680	-1,05253195762634
596007680	-1,05465769767761
598007680	-1,0552294254303
600007680	-1,05685651302338
602007616	-1,05818450450897
604007616	-1,06050753593445
606007616	-1,0638599395752
608007616	-1,06551742553711
610007616	-1,06741857528687
612007616	-1,07016694545746
614007616	-1,07035851478577
616007616	-1,07235622406006
618007616	-1,07703816890717
620007616	-1,08180022239685
622007616	-1,08579134941101
624007616	-1,08532738685608
626007616	-1,08507108688354
628007616	-1,08372187614441
630007552	-1,08597505092621
632007552	-1,08879613876343
634007552	-1,09114217758179
636007552	-1,09144330024719
638007552	-1,09405541419983
640007552	-1,09532928466797
642007552	-1,09748673439026
644007552	-1,0992591381073
646007552	-1,1008505821228
648007552	-1,10219693183899
650007552	-1,10533499717712
652007552	-1,10722959041595
654007552	-1,11091017723083
656007552	-1,11311507225037
658007488	-1,11749875545502
660007488	-1,11853051185608
662007488	-1,117267370224
664007488	-1,11716556549072
666007488	-1,11982667446136
668007488	-1,12338924407959
670007488	-1,1260507106781
672007488	-1,12788558006287
674007488	-1,12834596633911
676007488	-1,13129639625549
678007488	-1,13289892673492
680007488	-1,13470351696014
682007488	-1,13432419300079
684007488	-1,13815379142761
686007488	-1,14087092876434
688007424	-1,14391434192657
690007424	-1,14666628837585
692007424	-1,14948320388794
694007424	-1,1524384021759
696007424	-1,15495419502258
698007424	-1,1569709777832
700007424	-1,15749502182007
702007424	-1,15696811676025
704007424	-1,15972352027893
706007424	-1,16048872470856
708007424	-1,16141891479492
710007424	-1,16384375095367
712007424	-1,16570508480072
714007424	-1,16844153404236
716007360	-1,17026221752167
718007360	-1,17281639575958
720007360	-1,17526876926422
722007360	-1,17654931545258
724007360	-1,17810022830963
726007360	-1,18071186542511
728007360	-1,18534398078918
730007360	-1,18867027759552
732007360	-1,19132888317108
734007360	-1,19174826145172
736007360	-1,19349014759064
738007360	-1,19476246833801
740007360	-1,19623172283173
742007360	-1,19653952121735
744007296	-1,19822657108307
746007296	-1,19931292533875
748007296	-1,20127761363983
750007296	-1,20474433898926
752007296	-1,20551216602325
754007296	-1,20661151409149
756007296	-1,20689857006073
758007296	-1,20886170864105
760007296	-1,21087598800659
762007296	-1,21493482589722
764007296	-1,21973776817322
766007296	-1,22390496730804
768007296	-1,22366964817047
770007296	-1,22424960136414
772007232	-1,22450160980225
774007232	-1,23012661933899
776007232	-1,23499441146851
778007232	-1,23897457122803
780007232	-1,24002122879028
782007232	-1,23867058753967
784007232	-1,23624730110168
786007232	-1,23927426338196
788007232	-1,24222683906555
790007232	-1,24398386478424
792007232	-1,24418950080872
794007232	-1,2460230588913
796007232	-1,24818229675293
798007232	-1,24940609931946
800007168	-1,2542622089386
802007168	-1,26065981388092
804007168	-1,26614832878113
806007168	-1,26899814605713
808007168	-1,26792442798615
810007168	-1,26846718788147
812007168	-1,27463448047638
814007168	-1,28487241268158
816007168	-1,29119658470154
818007168	-1,28847241401672
820007168	-1,2808940410614
822007168	-1,27859783172607
824007168	-1,28277051448822
826007168	-1,29016757011414
828007168	-1,29466438293457
830007104	-1,29286432266235
832007104	-1,28836369514465
834007104	-1,28655385971069
836007104	-1,28902006149292
838007104	-1,29320013523102
840007104	-1,29771184921265
842007104	-1,30161893367767
844007104	-1,30477643013
846007104	-1,30370247364044
848007104	-1,30362141132355
850007104	-1,30679380893707
852007104	-1,3151444196701
854007104	-1,32133173942566
856007104	-1,32376897335052
858007040	-1,32080960273743
860007040	-1,31807672977448
862007040	-1,32185482978821
864007040	-1,32896995544434
866007040	-1,33380913734436
868007040	-1,33298170566559
870007040	-1,32683444023132
872007040	-1,32409644126892
874007040	-1,32548093795776
876007040	-1,32877445220947
878007040	-1,33130192756653
880007040	-1,33271479606628
882007040	-1,3341908454895
884007040	-1,33553516864777
886006976	-1,33678555488586
888006976	-1,33857870101929
890006976	-1,34186971187592
892006976	-1,34617829322815
894006976	-1,35028982162476
896006976	-1,35145306587219
898006976	-1,35042607784271
900006976	-1,35414505004883
902006976	-1,35865581035614
904006976	-1,36182677745819
906006976	-1,36111640930176
908006976	-1,35787069797516
910006976	-1,3565936088562
912006976	-1,35923516750336
914006912	-1,36290550231934
916006912	-1,36629557609558
918006912	-1,36760807037354
920006912	-1,36778128147125
922006912	-1,36825215816498
924006912	-1,36965131759644
926006912	-1,37262046337128
928006912	-1,37629091739655
930006912	-1,37959766387939
932006912	-1,38343548774719
934006912	-1,3854501247406
936006912	-1,38709902763367
938006912	-1,3895947933197
940006912	-1,39061939716339
942006912	-1,39099907875061
944006848	-1,39047038555145
946006848	-1,38802218437195
948006848	-1,38860821723938
950006848	-1,39143359661102
952006848	-1,39569664001465
954006848	-1,39745092391968
956006848	-1,39730799198151
958006848	-1,39651322364807
960006848	-1,39611864089966
962006848	-1,39818370342255
964006848	-1,40008497238159
966006848	-1,4031023979187
968006848	-1,4054924249649
970006848	-1,40963172912598
972006784	-1,41435217857361
974006784	-1,41765820980072
976006784	-1,42150807380676
978006784	-1,42518508434296
980006784	-1,42850375175476
982006784	-1,42758417129517
984006784	-1,42506003379822
986006784	-1,42503869533539
988006784	-1,42977809906006
990006784	-1,43763256072998
992006784	-1,43759965896606
994006784	-1,43458151817322
996006784	-1,43227708339691
998006784	-1,43116784095764
1000006720	-1,43338704109192
1002006720	-1,43504559993744
1004006720	-1,43549704551697
1006006720	-1,43680739402771
1008006720	-1,43867719173431
1010006720	-1,44065475463867
1012006720	-1,44018769264221
1014006720	-1,44150900840759
1016006720	-1,44515109062195
1018006720	-1,4478884935379
1020006720	-1,45036649703979
1022006720	-1,44938778877258
1024006720	-1,44877421855927
1026006720	-1,45203638076782
1028006656	-1,45752894878387
1030006656	-1,46068823337555
1032006656	-1,45889663696289
1034006656	-1,45603060722351
1036006656	-1,45418810844421
1038006656	-1,45598530769348
1040006656	-1,45719695091248
1042006656	-1,45879578590393
1044006656	-1,46021294593811
1046006656	-1,4629077911377
1048006656	-1,46486115455627
1050006656	-1,46532082557678
1052006656	-1,46685934066772
1054006656	-1,46885287761688
1056006656	-1,47255194187164
1058006592	-1,47499489784241
1060006592	-1,47737979888916
1062006592	-1,47980809211731
1064006592	-1,48159837722778
1066006592	-1,48374390602112
1068006592	-1,48351848125458
1070006592	-1,48123168945313
1072006592	-1,47958338260651
1074006528	-1,47918450832367
1076006528	-1,48071420192719
1078006528	-1,48293209075928
1080006528	-1,48242366313934
1082006528	-1,4832022190094
1084006528	-1,48444163799286
1086006528	-1,48872256278992
1088006528	-1,49305105209351
1090006528	-1,49885010719299
1092006528	-1,50216388702393
1094006528	-1,50578081607819
1096006528	-1,5088267326355
1098006528	-1,51396143436432
1100006528	-1,5171811580658
1102006528	-1,5180732011795
1104006528	-1,51726675033569
1106006528	-1,51632726192474
1108006528	-1,51287746429443
1110006528	-1,51221084594727
1112006528	-1,51213932037354
1114006528	-1,51450276374817
1116006528	-1,51577663421631
1118006528	-1,51465880870819
1120006528	-1,51426601409912
1122006528	-1,51769268512726
1124006528	-1,5243821144104
1126006528	-1,53477680683136
1128006400	-1,54085171222687
1130006400	-1,54221057891846
1132006400	-1,54043126106262
1134006400	-1,54399275779724
1136006400	-1,55089712142944
1138006400	-1,55708491802216
1140006400	-1,56043815612793
1142006400	-1,55755209922791
1144006400	-1,5539675951004
1146006400	-1,55380475521088
1148006400	-1,55565130710602
1150006400	-1,55427289009094
1152006400	-1,54950785636902
1154006400	-1,54514253139496
1156006400	-1,54205846786499
1158006400	-1,54157865047455
1160006400	-1,54374408721924
1162006400	-1,54887425899506
1164006400	-1,55719220638275
1166006400	-1,56199312210083
1168006400	-1,55971217155457
1170006400	-1,55998396873474
1172006400	-1,56532073020935
1174006400	-1,57882225513458
1176006400	-1,59068417549133
1178006400	-1,5928270816803
1180006400	-1,58634233474731
1182006400	-1,57730603218079
1184006400	-1,57526552677155
1186006272	-1,57865703105927
1188006272	-1,58037137985229
1190006272	-1,57782566547394
1192006272	-1,57217967510223
1194006272	-1,56774139404297
1196006272	-1,56879448890686
1198006272	-1,57275974750519
1200006272	-1,57717680931091
1202006272	-1,58282864093781
1204006272	-1,58522820472717
1206006272	-1,58419787883759
1208006272	-1,57980024814606
1210006272	-1,58361768722534
1212006272	-1,59371471405029
1214006272	-1,60629856586456
1216006272	-1,61041986942291
1218006272	-1,60531544685364
1220006272	-1,59801864624023
1222006272	-1,59754014015198
1224006272	-1,6048572063446
1226006272	-1,60913181304932
1228006272	-1,60784840583801
1230006272	-1,60294663906097
1232006272	-1,59820580482483
1234006272	-1,60109066963196
1236006272	-1,60535550117493
1238006272	-1,61054444313049
1240006272	-1,61287438869476
1242006144	-1,61248791217804
1244006144	-1,6089700460434
1246006144	-1,60557913780212
1248006144	-1,60729277133942
1250006144	-1,62154078483582
1252006144	-1,63565683364868
1254006144	-1,6412490606308
1256006144	-1,63208377361298
1258006144	-1,62188959121704
1260006144	-1,62650167942047
1262006144	-1,64051675796509
1264006144	-1,65348994731903
1266006144	-1,65244030952454
1268006144	-1,64240694046021
1270006144	-1,63390326499939
1272006144	-1,63693881034851
1274006144	-1,64405632019043
1276006144	-1,64835524559021
1278006144	-1,64977443218231
1280006144	-1,64732694625854
1282006144	-1,64165878295898
1284006144	-1,63677990436554
1286006144	-1,63768887519836
1288006144	-1,65088367462158
1290006144	-1,66455638408661
1292006144	-1,66894662380219
1294006144	-1,65900039672852
1296006144	-1,643963098526
1298006016	-1,64314436912537
1300006016	-1,66025066375732
1302006016	-1,68212604522705
1304006016	-1,69067978858948
1306006016	-1,6781998872757
1308006016	-1,66282343864441
1310006016	-1,66007888317108
1312006016	-1,6718989610672
1314006016	-1,68718338012695
1316006016	-1,69306254386902
1318006016	-1,68758261203766
1320006016	-1,67269587516785
1322006016	-1,66168236732483
1324006016	-1,66005837917328
1326006016	-1,6677405834198
1328006016	-1,67915773391724
1330006016	-1,68317306041718
1332006016	-1,67274880409241
1334006016	-1,65919399261475
1336006016	-1,65533590316772
1338006016	-1,67472863197327
1340006016	-1,70141708850861
1342006016	-1,71903502941132
1344006016	-1,71621179580688
1346006016	-1,70115494728088
1348006016	-1,69296133518219
1350006016	-1,70024144649506
1352006016	-1,7142242193222
1354006016	-1,71928453445435
1356005888	-1,7125198841095
1358005888	-1,6988343000412
1360005888	-1,68660175800323
1362005888	-1,68405485153198
1364005888	-1,68940782546997
1366005888	-1,69964265823364
1368005888	-1,70120811462402
1370005888	-1,69230055809021
1372005888	-1,68158710002899
1374005888	-1,68382859230042
1376005888	-1,70631098747253
1378005888	-1,73595857620239
1380005888	-1,75381672382355
1382005888	-1,75154113769531
1384005888	-1,73664665222168
1386005888	-1,72802937030792
1388005888	-1,73531055450439
1390005888	-1,74858450889587
1392005888	-1,75216698646545
1394005888	-1,7437185049057
1396005888	-1,73017978668213
1398005888	-1,71906411647797
1400005888	-1,71616065502167
1402005888	-1,71874284744263
1404005888	-1,72028970718384
1406005888	-1,72106766700745
1408005888	-1,7196227312088
1410005888	-1,71994197368622
1412005760	-1,7243732213974
1414005760	-1,73764944076538
1416005760	-1,75688242912292
1418005760	-1,77264678478241
1420005760	-1,77657341957092
1422005760	-1,76691401004791
1424005760	-1,75623285770416
1426005760	-1,75272572040558
1428005760	-1,75510287284851
1430005760	-1,75764989852905
1432005760	-1,75455164909363
1434005760	-1,74525904655457
1436005760	-1,73888075351715
1438005760	-1,73527133464813
1440005760	-1,7372624874115
1442005760	-1,738037109375
1444005760	-1,73645985126495
1446005760	-1,7353743314743
1448005760	-1,73611688613892
1450005760	-1,74119663238525
1452005760	-1,75232100486755
1454005760	-1,76855802536011
1456005760	-1,78468894958496
1458005760	-1,79641103744507
1460005760	-1,79709887504578
1462005760	-1,79244422912598
1464005760	-1,78750157356262
1466005760	-1,78850150108337
1468005760	-1,78669261932373
1470005632	-1,78249895572662
1472005632	-1,77816653251648
1474005632	-1,77547764778137
1476005632	-1,77469027042389
1478005632	-1,77371549606323
1480005632	-1,77216172218323
1482005632	-1,77067613601685
1484005632	-1,7707257270813
1486005632	-1,7738448381424
1488005632	-1,78435516357422
1490005632	-1,79522621631622
1492005632	-1,80668962001801
1494005632	-1,8175003528595
1496005632	-1,82933902740479
1498005632	-1,83324408531189
1500005632	-1,83209204673767
1502005632	-1,82598567008972
1504005632	-1,82219171524048
1506005632	-1,82256352901459
1508005632	-1,8233323097229
1510005632	-1,82732927799225
1512005632	-1,8272385597229
1514005632	-1,82540559768677
1516005632	-1,81968760490417
1518005632	-1,81202471256256
1520005632	-1,80758416652679
1522005632	-1,80634438991547
1524005632	-1,8141553401947
1526005504	-1,82340836524963
1528005504	-1,82930827140808
1530005504	-1,83412134647369
1532005504	-1,84362280368805
1534005504	-1,86172378063202
1536005504	-1,87597036361694
1538005504	-1,87452101707458
1540005504	-1,86109590530396
1542005504	-1,85095310211182
1544005504	-1,86020362377167
1546005504	-1,87722992897034
1548005504	-1,88991546630859
1550005504	-1,89068007469177
1552005504	-1,88125026226044
1554005504	-1,86956036090851
1556005504	-1,85969519615173
1558005504	-1,85449290275574
1560005504	-1,85375571250916
1562005504	-1,85886597633362
1564005504	-1,86474430561066
1566005504	-1,86235880851746
1568005504	-1,85978603363037
1570005504	-1,86185252666473
1572005504	-1,8719767332077
1574005504	-1,88927268981934
1576005504	-1,89538371562958
1578005504	-1,88768267631531
1580005504	-1,87647044658661
1582005504	-1,88020956516266
1584005376	-1,89707219600677
1586005376	-1,91964244842529
1588005376	-1,93007493019104
1590005376	-1,92670464515686
1592005376	-1,91811966896057
1594005376	-1,91115641593933
1596005376	-1,90725374221802
1598005376	-1,90553963184357
1600005376	-1,90945160388947
1602005376	-1,9114785194397
1604005376	-1,91006171703339
1606005376	-1,90159893035889
1608005376	-1,89837920665741
1610005376	-1,90910589694977
1612005376	-1,92728173732758
1614005376	-1,93635010719299
1616005376	-1,92797017097473
1618005376	-1,9133734703064
1620005376	-1,91639280319214
1622005376	-1,94249582290649
1624005376	-1,97556924819946
1626005376	-1,99112367630005
1628005376	-1,98203778266907
1630005376	-1,96643447875977
1632005376	-1,95443141460419
1634005376	-1,9524050951004
1636005376	-1,95108652114868
1638005376	-1,94998931884766
1640005248	-1,94863450527191
1642005248	-1,94411396980286
1644005248	-1,93551170825958
1646005248	-1,92991149425507
1648005248	-1,93476629257202
1650005248	-1,9498119354248
1652005248	-1,95995020866394
1654005248	-1,95663821697235
1656005248	-1,94613397121429
1658005248	-1,95146071910858
1660005248	-1,98087620735168
1662005248	-2,01356434822083
1664005248	-2,02865290641785
1666005248	-2,01833820343018
1668005248	-1,99529111385345
1670005248	-1,98051989078522
1672005248	-1,97890591621399
1674005248	-1,98352479934692
1676005248	-1,98288333415985
1678005248	-1,97522592544556
1680005248	-1,96598517894745
1682005248	-1,95776808261871
1684005248	-1,95718038082123
1686005248	-1,96137249469757
1688005248	-1,97249603271484
1690005248	-1,98316168785095
1692005248	-1,98282825946808
1694005248	-1,97773361206055
1696005120	-1,97652125358582
1698005120	-1,99356961250305
1700005120	-2,02164912223816
1702005120	-2,04239511489868
1704005120	-2,04456901550293
1706005120	-2,03305816650391
1708005120	-2,02163982391357
1710005120	-2,01741218566895
1712005120	-2,01753950119019
1714005120	-2,01062870025635
1716005120	-2,00130128860474
1718005120	-1,99045646190643
1720005120	-1,98596978187561
1722005120	-1,9871484041214
1724005120	-1,99062955379486
1726005120	-2,00293374061584
1728005120	-2,01437973976135
1730005120	-2,01816701889038
1732005120	-2,01218390464783
1734005120	-2,00844621658325
1736005120	-2,02004885673523
1738005120	-2,04445505142212
1740005120	-2,06499552726746
1742005120	-2,06481623649597
1744005120	-2,04738187789917
1746005120	-2,03432178497314
1748005120	-2,03294372558594
1750005120	-2,03609919548035
1752005120	-2,03440403938293
1754004992	-2,02379131317139
1756004992	-2,01437139511108
1758004992	-2,01016855239868
1760004992	-2,0147876739502
1762004992	-2,0174674987793
1764004992	-2,02101516723633
1766004992	-2,02277302742004
1768004992	-2,02646541595459
1770004992	-2,0284857749939
1772004992	-2,0311074256897
1774004992	-2,04391527175903
1776004992	-2,06490015983582
1778004992	-2,08386158943176
1780004992	-2,08887386322021
1782004992	-2,07803821563721
1784004992	-2,06440401077271
1786004992	-2,05819392204285
1788004992	-2,06114888191223
1790004992	-2,06610345840454
1792004992	-2,06566858291626
1794004992	-2,06082153320313
1796004992	-2,05980491638184
1798004992	-2,05851006507874
1800004992	-2,06007409095764
1802004992	-2,05974006652832
1804004992	-2,06220531463623
1806004992	-2,06769347190857
1808004992	-2,07026171684265
1810004864	-2,07168436050415
1812004864	-2,07925939559937
1814004864	-2,09847021102905
1816004864	-2,1233856678009
1818004864	-2,14086556434631
1820004864	-2,13617658615112
1822004864	-2,11853790283203
1824004864	-2,105637550354
1826004864	-2,10468244552612
1828004864	-2,11340093612671
1830004864	-2,11705136299133
1832004864	-2,116051197052
1834004864	-2,11008667945862
1836004864	-2,10595178604126
1838004864	-2,09997487068176
1840004864	-2,09404301643372
1842004864	-2,08998727798462
1844004864	-2,08911085128784
1846004864	-2,09519481658936
1848004864	-2,09876370429993
1850004864	-2,09886646270752
1852004864	-2,10370922088623
1854004864	-2,11667156219482
1856004864	-2,13639783859253
1858004864	-2,1512131690979
1860004864	-2,15243434906006
1862004864	-2,14261960983276
1864004864	-2,1366560459137
1866004864	-2,13780093193054
1868004736	-2,14542555809021
1870004736	-2,15523266792297
1872004736	-2,16006731987
1874004736	-2,15975570678711
1876004736	-2,15447568893433
1878004736	-2,14240193367004
1880004736	-2,12623929977417
1882004736	-2,11780118942261
1884004736	-2,11755752563477
1886004736	-2,12425756454468
1888004736	-2,12543392181396
1890004736	-2,12758946418762
1892004736	-2,13915133476257
1894004736	-2,16143035888672
1896004736	-2,17946863174438
1898004736	-2,18508529663086
1900004736	-2,1767520904541
1902004736	-2,17041754722595
1904004736	-2,17837476730347
1906004736	-2,19308829307556
1908004736	-2,206214427948
1910004736	-2,20760607719421
1912004736	-2,20050597190857
1914004736	-2,18997740745544
1916004736	-2,17289900779724
1918004736	-2,15418362617493
1920004736	-2,13806319236755
1922004736	-2,13565373420715
1924004608	-2,13888788223267
1926004608	-2,14035868644714
1928004608	-2,13808965682983
1930004608	-2,14160513877869
1932004608	-2,16110157966614
1934004608	-2,18587183952332
1936004608	-2,19785118103027
1938004608	-2,188880443573
1940004608	-2,17701959609985
1942004608	-2,18237280845642
1944004608	-2,20731401443481
1946004608	-2,23548126220703
1948004608	-2,24164581298828
1950004608	-2,23189902305603
1952004608	-2,21647238731384
1954004608	-2,20442390441895
1956004608	-2,18894147872925
1958004608	-2,17452669143677
1960004608	-2,16259098052979
1962004608	-2,15847730636597
1964004608	-2,15483474731445
1966004608	-2,15020537376404
1968004608	-2,1441433429718
1970004608	-2,15252709388733
1972004608	-2,17686533927917
1974004608	-2,19790744781494
1976004608	-2,20520710945129
1978004608	-2,19817852973938
1980004608	-2,20085525512695
1982004480	-2,22493743896484
1984004480	-2,25514125823975
1986004480	-2,26894950866699
1988004480	-2,26380324363709
1990004480	-2,25174689292908
1992004480	-2,23565125465393
1994004480	-2,22162771224976
1996004480	-2,20704913139343
1998004480	-2,19433832168579
2000004480	-2,18608617782593
2002004480	-2,18152332305908
2004004480	-2,17714810371399
2006004480	-2,17465329170227
2008004480	-2,17985057830811
2010004480	-2,19635152816772
2012004480	-2,21333289146423
2014004480	-2,21785449981689
2016004480	-2,21162056922913
2018004480	-2,21761107444763
2020004480	-2,24196815490723
2022004480	-2,27565264701843
2024004480	-2,29407525062561
2026004480	-2,28853034973145
2028004480	-2,2694730758667
2030004480	-2,25594282150269
2032004480	-2,24818110466003
2034004480	-2,2423996925354
2036004480	-2,23364520072937
2038004352	-2,22448539733887
2040004352	-2,22331047058105
2042004352	-2,22204923629761
2044004352	-2,22243499755859
2046004352	-2,22790193557739
2048004352	-2,24067640304565
2050004352	-2,25866961479187
2052004352	-2,26682448387146
2054004352	-2,26051115989685
2056004352	-2,25888395309448
2058004352	-2,2812328338623
2060004352	-2,3175151348114
2062004352	-2,34776258468628
2064004352	-2,34557199478149
2066004352	-2,32395386695862
2068004352	-2,30641412734985
2070004352	-2,30208659172058
2072004352	-2,30203294754028
2074004352	-2,29589247703552
2076004352	-2,28117728233337
2078004352	-2,27293682098389
2080004352	-2,27567505836487
2082004352	-2,27885293960571
2084004352	-2,28164768218994
2086004352	-2,28582954406738
2088004352	-2,29219102859497
2090004352	-2,29372954368591
2092004352	-2,28863072395325
2094004352	-2,28488850593567
2096004224	-2,29855680465698
2098004224	-2,32353591918945
2100004224	-2,34578585624695
2102004224	-2,33869528770447
2104004224	-2,3176543712616
2106004224	-2,30406332015991
2108004224	-2,30804061889648
2110004224	-2,3219850063324
2112004224	-2,32352232933044
2114004224	-2,30999779701233
2116004224	-2,2939178943634
2118004224	-2,29185605049133
2120004224	-2,29836630821228
2122004224	-2,30203127861023
2124004224	-2,30350995063782
2126004224	-2,30111813545227
2128004224	-2,2989182472229
2130004224	-2,29526019096375
2132004224	-2,29722237586975
2134004224	-2,30325150489807
2136004224	-2,32249236106873
2138004224	-2,34446501731873
2140004224	-2,35285496711731
2142004224	-2,34703016281128
2144004224	-2,33934473991394
2146004224	-2,34425663948059
2148004096	-2,35858297348022
2150004224	-2,3619487285614
2152004096	-2,35122203826904
2154004224	-2,33637666702271
2156004096	-2,32849860191345
2158004224	-2,33321619033813
2160004096	-2,3359808921814
2162004224	-2,3279504776001
2164004096	-2,31650853157043
2166004224	-2,30828738212585
2168004096	-2,30795168876648
2170004224	-2,31015467643738
2172004096	-2,31763601303101
2174004224	-2,3329701423645
2176004096	-2,35390663146973
2178004224	-2,36615228652954
2180004096	-2,36278581619263
2182003968	-2,35779333114624
2184004096	-2,35737133026123
2186003968	-2,37679576873779
2188004096	-2,39611601829529
2190003968	-2,40190768241882
2192004096	-2,39126968383789
2194003968	-2,37843227386475
2196004096	-2,37483286857605
2198003968	-2,37727212905884
2200004096	-2,37130784988403
2202003968	-2,35333633422852
2204004096	-2,33690285682678
2206003968	-2,33083844184875
2208004096	-2,33614635467529
2210003968	-2,34209394454956
2212004096	-2,34427833557129
2214003968	-2,34742021560669
2216004096	-2,35758876800537
2218003968	-2,37210536003113
2220004096	-2,3907299041748
2222003968	-2,40986394882202
2224004096	-2,42904233932495
2226003968	-2,44111466407776
2228004096	-2,44227290153503
2230003968	-2,43417310714722
2232004096	-2,42782092094421
2234003968	-2,42786049842834
2236004096	-2,42583966255188
2238003968	-2,40792942047119
2240003840	-2,37974691390991
2242003968	-2,35825037956238
2244003840	-2,35279726982117
2246003968	-2,35887026786804
2248003840	-2,36600303649902
2250003968	-2,36839485168457
2252003840	-2,38070821762085
2254003968	-2,40279936790466
2256003840	-2,42951154708862
2258003968	-2,44356489181519
2260003840	-2,4434232711792
2262003968	-2,44300055503845
2264003840	-2,45804643630981
2266003968	-2,47501158714294
2268003840	-2,47893691062927
2270003968	-2,46935319900513
2272003840	-2,45477819442749
2274003968	-2,44731163978577
2276003840	-2,43586492538452
2278003968	-2,41884112358093
2280003840	-2,39963436126709
2282003968	-2,38861703872681
2284003840	-2,38991165161133
2286003968	-2,3945198059082
2288003840	-2,3939049243927
2290003968	-2,39640045166016
2292003840	-2,40974569320679
2294003712	-2,4332537651062
2296003840	-2,45624256134033
2298003712	-2,46728563308716
2300003840	-2,47669196128845
2302003712	-2,49300813674927
2304003840	-2,51490569114685
2306003712	-2,52827548980713
2308003840	-2,52658343315125
2310003712	-2,51238369941711
2312003840	-2,4992413520813
2314003712	-2,48986577987671
2316003840	-2,47148084640503
2318003712	-2,44731712341309
2320003840	-2,42682075500488
2322003712	-2,42174053192139
2324003840	-2,4253933429718
2326003712	-2,42399406433105
2328003840	-2,41741299629211
2330003712	-2,42429709434509
2332003840	-2,45031785964966
2334003712	-2,47671031951904
2336003840	-2,49009847640991
2338003712	-2,48955988883972
2340003840	-2,49163413047791
2342003712	-2,5150158405304
2344003840	-2,53692054748535
2346003712	-2,54393291473389
2348003840	-2,52363729476929
2350003712	-2,49784421920776
2352003584	-2,4789502620697
2354003712	-2,46758031845093
2356003584	-2,45913481712341
2358003712	-2,45027327537537
2360003584	-2,44710493087769
2362003712	-2,44937252998352
2364003584	-2,4503014087677
2366003712	-2,44860172271729
2368003584	-2,4522020816803
2370003712	-2,47271108627319
2372003584	-2,4971706867218
2374003712	-2,50781750679016
2376003584	-2,50108742713928
2378003712	-2,50007963180542
2380003584	-2,52286195755005
2382003712	-2,55681228637695
2384003584	-2,57320880889893
2386003712	-2,55628728866577
2388003584	-2,52019262313843
2390003712	-2,49990081787109
2392003584	-2,50044298171997
2394003712	-2,50316834449768
2396003584	-2,49542474746704
2398003712	-2,47821235656738
2400003584	-2,46333742141724
2402003712	-2,45650696754456
2404003584	-2,45236587524414
2406003712	-2,45072412490845
2408003584	-2,45753526687622
2410003456	-2,47507214546204
2412003584	-2,48874521255493
2414003456	-2,48822021484375
2416003584	-2,48575115203857
2418003456	-2,49679756164551
2420003584	-2,52148747444153
2422003456	-2,54052758216858
2424003584	-2,53189325332642
2426003456	-2,50359511375427
2428003584	-2,48482012748718
2430003456	-2,48591661453247
2432003584	-2,49839305877686
2434003456	-2,50304889678955
2436003584	-2,49181389808655
2438003456	-2,47797346115112
2440003584	-2,46976470947266
2442003456	-2,46572160720825
2444003584	-2,47238540649414
2446003456	-2,48912644386292
2448003584	-2,50749349594116
2450003456	-2,5163369178772
2452003584	-2,50904703140259
2454003456	-2,49652409553528
2456003584	-2,50953674316406
2458003456	-2,54877185821533
2460003584	-2,58246803283691
2462003456	-2,58129930496216
2464003584	-2,54365181922913
2466003456	-2,51126003265381
2468003328	-2,51857900619507
2470003456	-2,54788851737976
2472003328	-2,57345581054688
2474003456	-2,56720662117004
2476003328	-2,54390859603882
2478003456	-2,52203965187073
2480003328	-2,51533317565918
2482003456	-2,51950550079346
2484003328	-2,52546095848084
2486003456	-2,52599430084229
2488003328	-2,52057361602783
2490003456	-2,51245760917664
2492003328	-2,50908017158508
2494003456	-2,52332878112793
2496003328	-2,55695056915283
2498003456	-2,59163737297058
2500003328	-2,60052895545959
2502003456	-2,57902574539185
2504003328	-2,55380153656006
2506003456	-2,555912733078
2508003328	-2,58448386192322
2510003456	-2,60791683197021
2512003328	-2,60634660720825
2514003456	-2,58131504058838
2516003328	-2,55490112304688
2518003456	-2,54551553726196
2520003328	-2,54698371887207
2522003200	-2,54302597045898
2524003328	-2,53529191017151
2526003200	-2,52147150039673
2528003328	-2,51195073127747
2530003200	-2,50947332382202
2532003328	-2,52238774299622
2534003200	-2,54576563835144
2536003328	-2,5762722492218
2538003200	-2,5937066078186
2540003328	-2,58688950538635
2542003200	-2,57083773612976
2544003328	-2,57259082794189
2546003200	-2,59683966636658
2548003328	-2,62333726882935
2550003200	-2,63040518760681
2552003328	-2,60973811149597
2554003200	-2,58522081375122
2556003328	-2,57520055770874
2558003200	-2,5757737159729
2560003328	-2,56850624084473
2562003200	-2,55188941955566
2564003328	-2,53000450134277
2566003200	-2,5207850933075
2568003328	-2,52258324623108
2570003200	-2,53814005851746
2572003328	-2,56356024742126
2574003200	-2,59384894371033
2576003328	-2,62351083755493
2578003200	-2,63352680206299
2580003072	-2,62846827507019
2582003200	-2,6318244934082
2584003072	-2,65835070610046
2586003200	-2,70001673698425
2588003072	-2,71768355369568
2590003200	-2,70188474655151
2592003072	-2,6604151725769
2594003200	-2,62436437606812
2596003072	-2,6035213470459
2598003200	-2,58743810653687
2600003072	-2,56454515457153
2602003200	-2,53598260879517
2604003072	-2,52733731269836
2606003200	-2,5396511554718
2608003072	-2,56269359588623
2610003200	-2,57989501953125
2612003072	-2,59676313400269
2614003200	-2,62037754058838
2616003072	-2,64591979980469
2618003200	-2,66110301017761
2620003072	-2,66420698165894
2622003200	-2,67251777648926
2624003072	-2,69292378425598
2626003200	-2,71578884124756
2628003072	-2,71547365188599
2630003200	-2,68826675415039
2632003072	-2,65190243721008
2634003200	-2,62576866149902
2636003072	-2,61737108230591
2638002944	-2,60400056838989
2640003072	-2,58880233764648
2642002944	-2,58245468139648
2644003072	-2,58907747268677
2646002944	-2,60177397727966
2648003072	-2,60528898239136
2650002944	-2,60603070259094
2652003072	-2,61850452423096
2654002944	-2,64689779281616
2656003072	-2,67131352424622
2658002944	-2,68143033981323
2660003072	-2,67756366729736
2662002944	-2,68171501159668
2664003072	-2,69576740264893
2666002944	-2,70609164237976
2668003072	-2,69705200195313
2670002944	-2,6751823425293
2672003072	-2,65727806091309
2674002944	-2,65293097496033
2676003072	-2,65291690826416
2678002944	-2,64458274841309
2680003072	-2,63731980323792
2682002944	-2,63574838638306
2684003072	-2,64477825164795
2686002944	-2,65115475654602
2688003072	-2,64474391937256
2690002944	-2,64787197113037
2692002816	-2,6635103225708
2694002944	-2,69281363487244
2696002816	-2,71171379089355
2698002944	-2,70500874519348
2700002816	-2,69523882865906
2702002944	-2,69539475440979
2704002816	-2,70346975326538
2706002944	-2,70724773406982
2708002816	-2,69461870193481
2710002944	-2,67169904708862
2712002816	-2,65852880477905
2714002944	-2,65245676040649
2716002816	-2,65430402755737
2718002944	-2,65890169143677
2720002816	-2,67012572288513
2722002944	-2,68097972869873
2724002816	-2,68500137329102
2726002944	-2,67857694625854
2728002816	-2,67945146560669
2730002944	-2,69873642921448
2732002816	-2,73171091079712
2734002944	-2,74860239028931
2736002816	-2,74248814582825
2738002944	-2,72905874252319
2740002816	-2,73012351989746
2742002944	-2,74770283699036
2744002816	-2,7620313167572
2746002944	-2,75420069694519
2748002816	-2,73324632644653
2750002688	-2,72024655342102
2752002816	-2,7291796207428
2754002688	-2,73996543884277
2756002816	-2,74336838722229
2758002688	-2,74087619781494
2760002816	-2,73799204826355
2762002688	-2,73233366012573
2764002816	-2,72188186645508
2766002688	-2,71077919006348
2768002816	-2,71436214447021
2770002688	-2,73393177986145
2772002816	-2,75705766677856
2774002688	-2,7598934173584
2776002816	-2,73975706100464
2778002688	-2,72016882896423
2780002816	-2,72151136398315
2782002688	-2,73399639129639
2784002816	-2,74239349365234
2786002688	-2,73546695709229
2788002816	-2,73036742210388
2790002688	-2,73598909378052
2792002816	-2,75063514709473
2794002688	-2,76708745956421
2796002816	-2,77627491950989
2798002688	-2,78138661384583
2800002816	-2,7803099155426
2802002688	-2,77467942237854
2804002816	-2,77053093910217
2806002688	-2,7771303653717
2808002560	-2,80252885818481
2810002688	-2,83056139945984
2812002560	-2,83564686775208
2814002688	-2,81416463851929
2816002560	-2,79389357566834
2818002688	-2,79370665550232
2820002560	-2,81575441360474
2822002688	-2,83085536956787
2824002560	-2,82397794723511
2826002688	-2,80614185333252
2828002560	-2,80250930786133
2830002688	-2,81666231155396
2832002560	-2,83731603622437
2834002688	-2,84682297706604
2836002560	-2,84451985359192
2838002688	-2,8364634513855
2840002560	-2,82814478874207
2842002688	-2,82131934165955
2844002560	-2,81741523742676
2846002688	-2,82958245277405
2848002560	-2,84696292877197
2850002688	-2,85338640213013
2852002560	-2,83915948867798
2854002688	-2,82177877426147
2856002560	-2,82413625717163
2858002688	-2,84695887565613
2860002560	-2,86676359176636
2862002688	-2,86806607246399
2864002560	-2,85181522369385
2866002432	-2,84911179542542
2868002560	-2,86349177360535
2870002432	-2,88165783882141
2872002560	-2,88833332061768
2874002432	-2,87647604942322
2876002560	-2,86089873313904
2878002432	-2,84886264801025
2880002560	-2,84644889831543
2882002432	-2,85122156143188
2884002560	-2,8591787815094
2886002432	-2,87627005577087
2888002560	-2,88762927055359
2890002432	-2,88206958770752
2892002560	-2,87015795707703
2894002432	-2,86790704727173
2896002560	-2,88630151748657
2898002432	-2,90821099281311
2900002560	-2,91585302352905
2902002432	-2,90719866752625
2904002560	-2,89964914321899
2906002432	-2,91244292259216
2908002560	-2,93186712265015
2910002432	-2,94131422042847
2912002560	-2,92997407913208
2914002432	-2,91121816635132
2916002560	-2,89632225036621
2918002432	-2,89163541793823
2920002304	-2,88700103759766
2922002432	-2,88873076438904
2924002304	-2,89804244041443
2926002432	-2,91238927841187
2928002304	-2,92135286331177
2930002432	-2,91997408866882
2932002304	-2,91435217857361
2934002432	-2,92777562141418
2936002304	-2,94920468330383
2938002432	-2,96160984039307
2940002304	-2,95575761795044
2942002432	-2,94328641891479
2944002304	-2,94258809089661
2946002432	-2,94937133789063
2948002304	-2,94747233390808
2950002432	-2,91849374771118
2952002304	-2,88785362243652
2954002432	-2,87108325958252
2956002304	-2,87605261802673
2958002432	-2,88390135765076
2960002304	-2,88639116287231
2962002432	-2,89131212234497
2964002304	-2,90726399421692
2966002432	-2,92946791648865
2968002304	-2,94280409812927
2970002432	-2,94676089286804
2972002304	-2,94996738433838
2974002432	-2,96394014358521
2976002304	-2,97901439666748
2978002176	-2,98633623123169
2980002304	-2,9776725769043
2982002176	-2,96861672401428
2984002304	-2,96192312240601
2986002176	-2,95313811302185
2988002304	-2,93307256698608
2990002176	-2,90707087516785
2992002304	-2,89780735969543
2994002176	-2,89991235733032
2996002304	-2,90950775146484
2998002176	-2,90795373916626
3000002304	-2,90460681915283
3002002176	-2,9136073589325
3004002304	-2,93924283981323
3006002176	-2,96381950378418
3008002304	-2,96871852874756
3010002176	-2,96332359313965
3012002304	-2,96519088745117
3014002176	-2,98334407806396
3016002304	-3,00508213043213
3018002176	-3,00659894943237
3020002304	-3,00208234786987
3022002176	-2,99956345558167
3024002304	-3,00009250640869
3026002176	-2,99194717407227
3028002304	-2,96844720840454
3030002176	-2,94910931587219
3032002304	-2,94710111618042
3034002176	-2,96053838729858
3036002048	-2,96755695343018
3038002176	-2,96588373184204
3040002048	-2,9703164100647
3042002176	-2,99466586112976
3044002048	-3,02377080917358
3046002176	-3,03309226036072
3048002048	-3,01396894454956
3050002176	-2,99183249473572
3052002048	-2,99277973175049
3054002176	-3,01624298095703
3056002048	-3,03103566169739
3058002176	-3,02058243751526
3060002048	-3,00205755233765
3062002176	-2,98847556114197
3064002048	-2,98584270477295
3066002176	-2,98395586013794
3068002048	-2,98332500457764
3070002176	-2,99198532104492
3072002048	-3,00942158699036
3074002176	-3,02342844009399
3076002048	-3,02531456947327
3078002176	-3,03064370155334
3080002048	-3,05689120292664
3082002176	-3,09288263320923
3084002048	-3,10519504547119
3086002176	-3,07264995574951
3088002048	-3,02614426612854
3090001920	-3,01254177093506
3092002048	-3,04333901405334
3094001920	-3,07939887046814
3096002048	-3,08162903785706
3098001920	-3,05241870880127
3100002048	-3,02437829971313
3102001920	-3,01647996902466
3104002048	-3,0189962387085
3106001920	-3,0130090713501
3108002048	-3,00557112693787
3110001920	-3,01046943664551
3112002048	-3,02722215652466
3114001920	-3,03908205032349
3116002048	-3,04315900802612
3118001920	-3,05026650428772
3120002048	-3,06931948661804
3122001920	-3,08686518669128
3124002048	-3,07670021057129
3126001920	-3,04046440124512
3128002048	-3,01323676109314
3130001920	-3,02053594589233
3132002048	-3,05295610427856
3134001920	-3,06802749633789
3136002048	-3,0525541305542
3138001920	-3,01923227310181
3140002048	-3,00530314445496
3142001920	-3,0056037902832
3144002048	-3,01285600662231
3146001920	-3,01813459396362
3148001792	-3,02039098739624
3150001920	-3,03428912162781
3152001792	-3,04607152938843
3154001920	-3,05426955223084
3156001792	-3,05960941314697
3158001920	-3,07446050643921
3160001792	-3,0873966217041
3162001920	-3,08031034469604
3164001792	-3,05042314529419
3166001920	-3,02020311355591
3168001792	-3,01543498039246
3170001920	-3,03504371643066
3172001792	-3,04409313201904
3174001920	-3,02947306632996
3176001792	-3,00128126144409
3178001920	-2,98658013343811
3180001792	-2,99261903762817
3182001920	-3,00413250923157
3184001792	-3,0080246925354
3186001920	-3,00368762016296
3188001792	-3,00780296325684
3190001920	-3,01652002334595
3192001792	-3,02483034133911
3194001920	-3,0291109085083
3196001792	-3,04096841812134
3198001920	-3,05594325065613
3200001792	-3,05162620544434
3202001920	-3,02385091781616
3204001792	-2,99262475967407
3206001664	-2,98930931091309
3208001792	-3,01558065414429
3210001664	-3,04651927947998
3212001792	-3,04581904411316
3214001664	-3,02449607849121
3216001792	-3,00722026824951
3218001664	-3,00678515434265
3220001792	-3,01158380508423
3222001664	-3,00651049613953
3224001792	-2,99916458129883
3226001664	-3,01111221313477
3228001792	-3,04164600372314
3230001664	-3,06371307373047
3232001792	-3,06503748893738
3234001664	-3,05450963973999
3236001792	-3,05497288703918
3238001664	-3,06798124313354
3240001792	-3,07092523574829
3242001664	-3,05898141860962
3244001792	-3,04844045639038
3246001664	-3,06276178359985
3248001792	-3,0961287021637
3250001664	-3,11101293563843
3252001792	-3,09606409072876
3254001664	-3,06366539001465
3256001792	-3,03889608383179
3258001664	-3,0387716293335
3260001792	-3,03948283195496
3262001664	-3,03622841835022
3264001536	-3,03919053077698
3266001664	-3,05231690406799
3268001536	-3,07180690765381
3270001664	-3,07664513587952
3272001536	-3,0696063041687
3274001664	-3,06472253799438
3276001536	-3,07690596580505
3278001664	-3,09190607070923
3280001536	-3,09372758865356
3282001664	-3,08127617835999
3284001536	-3,08066463470459
3286001664	-3,0966911315918
3288001536	-3,12008905410767
3290001664	-3,12472581863403
3292001536	-3,11089658737183
3294001664	-3,09615325927734
3296001536	-3,09068298339844
3298001664	-3,08075618743896
3300001536	-3,06726694107056
3302001664	-3,05640482902527
3304001536	-3,06313276290894
3306001664	-3,08196210861206
3308001536	-3,08842539787292
3310001664	-3,07139778137207
3312001536	-3,05446028709412
3314001664	-3,06513977050781
3316001536	-3,10209488868713
3318001408	-3,12734937667847
3320001536	-3,1284167766571
3322001408	-3,11393022537231
3324001536	-3,1135413646698
3326001408	-3,13781499862671
3328001536	-3,16066527366638
3330001408	-3,15432214736938
3332001536	-3,12203884124756
3334001408	-3,08953809738159
3336001536	-3,06930208206177
3338001408	-3,05847930908203
3340001536	-3,05694723129272
3342001408	-3,0646550655365
3344001536	-3,07475686073303
3346001408	-3,07880830764771
3348001536	-3,0612006187439
3350001408	-3,04027128219604
3352001536	-3,04512476921082
3354001408	-3,08370733261108
3356001536	-3,128830909729
3358001408	-3,14488792419434
3360001536	-3,13442707061768
3362001408	-3,12977910041809
3364001536	-3,15193390846252
3366001408	-3,18413615226746
3368001536	-3,19155430793762
3370001408	-3,16595768928528
3372001536	-3,12557363510132
3374001408	-3,0997257232666
3376001280	-3,08581829071045
3378001408	-3,08234000205994
3380001280	-3,0847864151001
3382001408	-3,09505653381348
3384001280	-3,10105466842651
3386001408	-3,09094643592834
3388001280	-3,07232713699341
3390001408	-3,07429671287537
3392001280	-3,12574362754822
3394001408	-3,19642901420593
3396001280	-3,24088835716248
3398001408	-3,23710489273071
3400001280	-3,21386766433716
3402001408	-3,21750831604004
3404001280	-3,25621867179871
3406001408	-3,28410196304321
3408001280	-3,26336407661438
3410001408	-3,20690655708313
3412001280	-3,15484571456909
3414001408	-3,1348671913147
3416001280	-3,13782739639282
3418001408	-3,14382886886597
3420001280	-3,14395666122437
3422001408	-3,13679337501526
3424001280	-3,12489652633667
3426001408	-3,10938715934753
3428001280	-3,11450910568237
3430001408	-3,16140055656433
3432001280	-3,229905128479
3434001152	-3,28536319732666
3436001280	-3,28994369506836
3438001152	-3,26697015762329
3440001280	-3,2584867477417
3442001152	-3,28628444671631
3444001280	-3,31635975837708
3446001152	-3,30531692504883
3448001280	-3,25077867507935
3450001152	-3,19744944572449
3452001280	-3,18208599090576
3454001152	-3,19314241409302
3456001280	-3,20244336128235
3458001152	-3,19527411460876
3460001280	-3,18422746658325
3462001152	-3,17284941673279
3464001280	-3,16280722618103
3466001152	-3,16314792633057
3468001280	-3,19144749641418
3470001152	-3,24777412414551
3472001280	-3,30895137786865
3474001152	-3,32889223098755
3476001280	-3,30424308776855
3478001152	-3,2732367515564
3480001280	-3,27573156356812
3482001152	-3,30161428451538
3484001280	-3,31025886535645
3486001152	-3,2779803276062
3488001024	-3,23333406448364
3490001152	-3,21051812171936
3492001024	-3,21317529678345
3494001152	-3,22189211845398
3496001024	-3,21084403991699
3498001152	-3,18953776359558
3500001024	-3,1726279258728
3502001152	-3,16570377349854
3504001024	-3,17447948455811
3506001152	-3,19909930229187
3508001024	-3,25024247169495
3510001152	-3,30406641960144
3512001024	-3,32534909248352
3514001152	-3,30508184432983
3516001024	-3,27661037445068
3518001152	-3,28001141548157
3520001024	-3,31302213668823
3522001152	-3,33351731300354
3524001024	-3,30999827384949
3526001152	-3,2674560546875
3528001024	-3,24457550048828
3530001152	-3,25839471817017
3532001024	-3,27718043327332
3534001152	-3,26680755615234
3536001024	-3,23793315887451
3538001152	-3,21395754814148
3540001024	-3,20796823501587
3542001152	-3,2061915397644
3544001024	-3,20455741882324
3546000896	-3,22144365310669
3548001024	-3,25773668289185
3550000896	-3,29082679748535
3552001024	-3,29479169845581
3554000896	-3,27350282669067
3556001024	-3,26174521446228
3558000896	-3,28060507774353
3560001024	-3,31313419342041
3562000896	-3,32323098182678
3564001024	-3,30794286727905
3566000896	-3,30044317245483
3568001024	-3,31849455833435
3570000896	-3,34251976013184
3572001024	-3,34048366546631
3574000896	-3,3085343837738
3576001024	-3,27088379859924
3578000896	-3,25613164901733
3580001024	-3,25604319572449
3582000896	-3,25586223602295
3584001024	-3,26134419441223
3586000896	-3,28869700431824
3588001024	-3,32865214347839
3590000896	-3,34721231460571
3592001024	-3,32696557044983
3594000896	-3,29381275177002
3596001024	-3,28366613388062
3598000896	-3,30966353416443
3600001024	-3,34529209136963
3602000896	-3,35968136787415
3604000768	-3,3673267364502
3606000896	-3,38133859634399
3608000768	-3,39871144294739
3610000896	-3,39668416976929
3612000768	-3,36525893211365
3614000896	-3,32349514961243
3616000768	-3,30028581619263
3618000896	-3,29366064071655
3620000768	-3,2867259979248
3622000896	-3,27907657623291
3624000768	-3,29343509674072
3626000896	-3,32943964004517
3628000768	-3,3592221736908
3630000896	-3,35751175880432
3632000768	-3,32036948204041
3634000896	-3,29334115982056
3636000768	-3,30403780937195
3638000896	-3,34584975242615
3640000768	-3,38369798660278
3642000896	-3,39280796051025
3644000768	-3,39014005661011
3646000896	-3,39249348640442
3648000768	-3,38969969749451
3650000896	-3,37242984771729
3652000768	-3,34103012084961
3654000896	-3,3206262588501
3656000768	-3,31580352783203
3658000896	-3,31333041191101
3660000768	-3,30772137641907
3662000640	-3,31814551353455
3664000768	-3,34456205368042
3666000640	-3,37749600410461
3668000768	-3,38953256607056
3670000640	-3,35163545608521
3672000768	-3,30296015739441
3674000640	-3,29327464103699
3676000768	-3,32570743560791
3678000640	-3,37579131126404
3680000768	-3,39977216720581
3682000640	-3,38735628128052
3684000768	-3,36194515228271
3686000640	-3,34013438224792
3688000768	-3,32691407203674
3690000640	-3,32324314117432
3692000768	-3,30376195907593
3694000640	-3,29790830612183
3696000768	-3,27301979064941
3698000640	-3,28668117523193
3700000768	-3,31072688102722
3702000640	-3,36401343345642
3704000768	-3,44916701316834
3706000640	-3,50033330917358
3708000768	-3,46295595169067
3710000640	-3,4146716594696
3712000768	-3,36818194389343
3714000640	-3,4133574962616
3716000512	-3,50548601150513
3718000640	-3,56768155097961
3720000512	-3,56867408752441
3722000640	-3,53576135635376
3724000512	-3,51399064064026
3726000640	-3,50353264808655
3728000512	-3,4837281703949
3730000640	-3,43858599662781
3732000512	-3,38996076583862
3734000640	-3,36775398254395
3736000512	-3,37246084213257
3738000640	-3,39933776855469
3740000512	-3,44964456558228
3742000640	-3,52295899391174
3744000512	-3,57664847373962
3746000640	-3,56915616989136
3748000512	-3,50576615333557
3750000640	-3,45495247840881
3752000512	-3,48885250091553
3754000640	-3,58989715576172
3756000512	-3,67929339408875
3758000640	-3,69352602958679
3760000512	-3,64926385879517
3762000640	-3,60222554206848
3764000512	-3,57857608795166
3766000640	-3,55437850952148
3768000512	-3,49767732620239
3770000640	-3,43191814422607
3772000512	-3,40132284164429
3774000384	-3,42405128479004
3776000512	-3,47158312797546
3778000384	-3,51613187789917
3780000512	-3,54066634178162
3782000384	-3,54180121421814
3784000512	-3,52298212051392
3786000384	-3,47823619842529
3788000512	-3,44917726516724
3790000384	-3,47030901908875
3792000512	-3,54294776916504
3794000384	-3,60500311851501
3796000512	-3,61064648628235
3798000384	-3,56964921951294
3800000512	-3,5301570892334
3802000384	-3,52116680145264
3804000512	-3,52094435691834
3806000384	-3,49370336532593
3808000512	-3,45384120941162
3810000384	-3,44642210006714
3812000512	-3,49260997772217
3814000384	-3,55557632446289
3816000512	-3,60350966453552
3818000384	-3,61178374290466
3820000512	-3,59950017929077
3822000384	-3,57432126998901
3824000512	-3,53763842582703
3826000384	-3,50305199623108
3828000512	-3,49364066123962
3830000384	-3,5324969291687
3832000256	-3,58681654930115
3834000384	-3,6110053062439
3836000256	-3,59319829940796
3838000384	-3,57451224327087
3840000256	-3,5775580406189
3842000384	-3,58906054496765
3844000256	-3,56651449203491
3846000384	-3,51812028884888
3848000256	-3,50730681419373
3850000384	-3,57118225097656
3852000256	-3,67781662940979
3854000384	-3,75331401824951
3856000256	-3,75661563873291
3858000384	-3,70824146270752
3860000256	-3,64968156814575
3862000384	-3,60513877868652
3864000256	-3,56567811965942
3866000384	-3,54473638534546
3868000256	-3,55353236198425
3870000384	-3,590660572052
3872000256	-3,61564993858337
3874000384	-3,6040472984314
3876000256	-3,57371783256531
3878000384	-3,55131888389587
3880000256	-3,55258965492249
3882000384	-3,54446029663086
3884000256	-3,52224254608154
3886000384	-3,53078413009644
3888000256	-3,59530448913574
3890000128	-3,69770193099976
3892000256	-3,76866793632507
3894000128	-3,76262187957764
3896000256	-3,70426392555237
3898000128	-3,64687871932983
3900000256	-3,61966943740845
3902000128	-3,60093784332275
3904000256	-3,57451224327087
3906000128	-3,55738544464111
3908000256	-3,56765031814575
3910000128	-3,60807228088379
3912000256	-3,62374305725098
3914000128	-3,61514234542847
3916000256	-3,5991063117981
3918000128	-3,59378671646118
3920000256	-3,58879065513611
3922000128	-3,58262991905212
3924000256	-3,59765625
3926000128	-3,66148495674133
3928000256	-3,76262187957764
3930000128	-3,83411884307861
3932000256	-3,82916212081909
3934000128	-3,76362133026123
3936000256	-3,69661664962769
3938000128	-3,66589570045471
3940000256	-3,65562200546265
3942000128	-3,63390684127808
3944000000	-3,60472226142883
3946000128	-3,6027991771698
3948000000	-3,62879848480225
3950000128	-3,65530633926392
3952000000	-3,6480827331543
3954000128	-3,62715673446655
3956000000	-3,60419845581055
3958000128	-3,59296131134033
3960000000	-3,59038805961609
3962000128	-3,61168622970581
3964000000	-3,68507814407349
3966000128	-3,81015539169312
3968000000	-3,92365312576294
3970000128	-3,94906973838806
3972000000	-3,88035821914673
3974000128	-3,77454662322998
3976000000	-3,71532392501831
3978000128	-3,70344281196594
3980000000	-3,69253420829773
3982000128	-3,66282272338867
3984000000	-3,64308714866638
3986000128	-3,65626096725464
3988000000	-3,69322729110718
3990000128	-3,70516872406006
3992000000	-3,67537379264832
3994000128	-3,62181425094604
3996000000	-3,58246350288391
3998000128	-3,58106565475464
4000000000	-3,6173996925354
