R&S HL562
[Frequency][AF]
30000000.000	19.150
30150000.000	19.000
30300000.000	18.930
30450000.000	18.970
30600000.000	18.730
30750000.000	18.800
30900000.000	18.550
31050000.000	18.530
31200000.000	18.510
31350000.000	18.380
31500000.000	18.330
31650000.000	18.110
31800000.000	18.170
31950000.000	18.050
32100000.000	17.970
32250000.000	17.910
32400000.000	17.960
32550000.000	17.800
32700000.000	17.670
32850000.000	17.620
33000000.000	17.600
33150000.000	17.450
33300000.000	17.400
33450000.000	17.260
33600000.000	17.240
33750000.000	17.010
33900000.000	17.040
34050000.000	16.970
34200000.000	16.890
34350000.000	16.810
34500000.000	16.680
34650000.000	16.640
34800000.000	16.440
34950000.000	16.540
35100000.000	16.350
35250000.000	16.310
35400000.000	16.200
35550000.000	16.180
35700000.000	16.080
35850000.000	16.020
36000000.000	15.940
36150000.000	15.900
36300000.000	15.780
36450000.000	15.760
36600000.000	15.690
36750000.000	15.550
36900000.000	15.540
37050000.000	15.470
37200000.000	15.350
37350000.000	15.310
37500000.000	15.260
37650000.000	15.140
37800000.000	15.030
37950000.000	15.010
38100000.000	14.870
38250000.000	14.780
38400000.000	14.710
38550000.000	14.650
38700000.000	14.620
38850000.000	14.460
39000000.000	14.350
39150000.000	14.340
39300000.000	14.210
39450000.000	14.140
39600000.000	14.060
39750000.000	13.960
39900000.000	13.890
40050000.000	13.750
40200000.000	13.690
40350000.000	13.610
40500000.000	13.510
40650000.000	13.430
40800000.000	13.350
40950000.000	13.280
41100000.000	13.210
41250000.000	13.110
41400000.000	13.030
41550000.000	12.950
41700000.000	12.840
41850000.000	12.740
42000000.000	12.700
42150000.000	12.570
42300000.000	12.480
42450000.000	12.360
42600000.000	12.300
42750000.000	12.210
42900000.000	12.130
43050000.000	12.050
43200000.000	11.950
43350000.000	11.870
43500000.000	11.790
43650000.000	11.700
43800000.000	11.620
43950000.000	11.530
44100000.000	11.430
44250000.000	11.340
44400000.000	11.250
44550000.000	11.140
44700000.000	11.050
44850000.000	10.970
45000000.000	10.880
45150000.000	10.780
45300000.000	10.690
45450000.000	10.610
45600000.000	10.520
45750000.000	10.430
45900000.000	10.330
46050000.000	10.230
46200000.000	10.150
46350000.000	10.040
46500000.000	9.960
46650000.000	9.870
46800000.000	9.770
46950000.000	9.670
47100000.000	9.570
47250000.000	9.470
47400000.000	9.380
47550000.000	9.270
47700000.000	9.170
47850000.000	9.070
48000000.000	8.970
48150000.000	8.860
48300000.000	8.760
48450000.000	8.660
48600000.000	8.560
48750000.000	8.470
48900000.000	8.370
49050000.000	8.270
49200000.000	8.170
49350000.000	8.070
49500000.000	7.970
49650000.000	7.860
49800000.000	7.770
49950000.000	7.670
50100000.000	7.580
50250000.000	7.480
50400000.000	7.370
50550000.000	7.270
50700000.000	7.160
50850000.000	7.050
51000000.000	6.950
51150000.000	6.860
51300000.000	6.760
51450000.000	6.650
51600000.000	6.550
51750000.000	6.450
51900000.000	6.350
52050000.000	6.240
52200000.000	6.150
52350000.000	6.050
52500000.000	5.950
52650000.000	5.850
52800000.000	5.740
52950000.000	5.630
53100000.000	5.530
53250000.000	5.440
53400000.000	5.340
53550000.000	5.250
53700000.000	5.150
53850000.000	5.050
54000000.000	4.950
54150000.000	4.850
54300000.000	4.760
54450000.000	4.680
54600000.000	4.600
54750000.000	4.520
54900000.000	4.440
55050000.000	4.350
55200000.000	4.230
55350000.000	4.190
55500000.000	4.120
55650000.000	4.050
55800000.000	3.990
55950000.000	3.930
56100000.000	3.860
56250000.000	3.800
56400000.000	3.750
56550000.000	3.700
56700000.000	3.650
56850000.000	3.620
57000000.000	3.580
57150000.000	3.550
57300000.000	3.520
57450000.000	3.490
57600000.000	3.470
57750000.000	3.460
57900000.000	3.460
58050000.000	3.450
58200000.000	3.450
58350000.000	3.440
58500000.000	3.440
58650000.000	3.450
58800000.000	3.460
58950000.000	3.480
59100000.000	3.500
59250000.000	3.520
59400000.000	3.530
59550000.000	3.550
59700000.000	3.560
59850000.000	3.580
60000000.000	3.590
60150000.000	3.610
60300000.000	3.630
60450000.000	3.650
60600000.000	3.670
60750000.000	3.690
60900000.000	3.710
61050000.000	3.730
61200000.000	3.750
61350000.000	3.760
61500000.000	3.780
61650000.000	3.790
61800000.000	3.810
61950000.000	3.840
62100000.000	3.860
62250000.000	3.890
62400000.000	3.920
62550000.000	3.960
62700000.000	4.000
62850000.000	4.050
63000000.000	4.090
63150000.000	4.140
63300000.000	4.180
63450000.000	4.220
63600000.000	4.270
63750000.000	4.320
63900000.000	4.370
64050000.000	4.430
64200000.000	4.510
64350000.000	4.550
64500000.000	4.600
64650000.000	4.650
64800000.000	4.710
64950000.000	4.760
65100000.000	4.820
65250000.000	4.880
65400000.000	4.930
65550000.000	4.990
65700000.000	5.040
65850000.000	5.100
66000000.000	5.160
66150000.000	5.220
66300000.000	5.280
66450000.000	5.330
66600000.000	5.390
66750000.000	5.430
66900000.000	5.480
67050000.000	5.540
67200000.000	5.600
67350000.000	5.670
67500000.000	5.730
67650000.000	5.780
67800000.000	5.830
67950000.000	5.870
68100000.000	5.920
68250000.000	5.960
68400000.000	6.010
68550000.000	6.070
68700000.000	6.110
68850000.000	6.160
69000000.000	6.200
69150000.000	6.240
69300000.000	6.290
69450000.000	6.340
69600000.000	6.390
69750000.000	6.430
69900000.000	6.470
70050000.000	6.500
70200000.000	6.530
70350000.000	6.580
70500000.000	6.630
70650000.000	6.670
70800000.000	6.710
70950000.000	6.750
71100000.000	6.780
71250000.000	6.800
71400000.000	6.840
71550000.000	6.880
71700000.000	6.920
71850000.000	6.950
72000000.000	6.990
72150000.000	7.010
72300000.000	7.040
72450000.000	7.070
72600000.000	7.110
72750000.000	7.150
72900000.000	7.180
73050000.000	7.210
73200000.000	7.240
73350000.000	7.260
73500000.000	7.280
73650000.000	7.310
73800000.000	7.340
73950000.000	7.380
74100000.000	7.410
74250000.000	7.430
74400000.000	7.450
74550000.000	7.470
74700000.000	7.490
74850000.000	7.520
75000000.000	7.550
75150000.000	7.580
75300000.000	7.600
75450000.000	7.620
75600000.000	7.640
75750000.000	7.660
75900000.000	7.690
76050000.000	7.710
76200000.000	7.740
76350000.000	7.750
76500000.000	7.770
76650000.000	7.790
76800000.000	7.810
76950000.000	7.830
77100000.000	7.850
77250000.000	7.870
77400000.000	7.890
77550000.000	7.900
77700000.000	7.920
77850000.000	7.930
78000000.000	7.940
78150000.000	7.960
78300000.000	7.970
78450000.000	8.000
78600000.000	8.020
78750000.000	8.030
78900000.000	8.050
79050000.000	8.060
79200000.000	8.080
79350000.000	8.090
79500000.000	8.100
79650000.000	8.120
79800000.000	8.130
79950000.000	8.150
80100000.000	8.170
80250000.000	8.180
80400000.000	8.190
80550000.000	8.200
80700000.000	8.220
80850000.000	8.230
81000000.000	8.250
81150000.000	8.260
81300000.000	8.270
81450000.000	8.280
81600000.000	8.300
81750000.000	8.310
81900000.000	8.320
82050000.000	8.330
82200000.000	8.340
82350000.000	8.340
82500000.000	8.350
82650000.000	8.350
82800000.000	8.360
82950000.000	8.370
83100000.000	8.380
83250000.000	8.390
83400000.000	8.400
83550000.000	8.410
83700000.000	8.420
83850000.000	8.420
84000000.000	8.420
84150000.000	8.420
84300000.000	8.430
84450000.000	8.440
84600000.000	8.450
84750000.000	8.460
84900000.000	8.470
85050000.000	8.470
85200000.000	8.480
85350000.000	8.490
85500000.000	8.490
85650000.000	8.490
85800000.000	8.500
85950000.000	8.490
86100000.000	8.490
86250000.000	8.490
86400000.000	8.510
86550000.000	8.520
86700000.000	8.530
86850000.000	8.540
87000000.000	8.540
87150000.000	8.530
87300000.000	8.520
87450000.000	8.520
87600000.000	8.530
87750000.000	8.540
87900000.000	8.550
88050000.000	8.560
88200000.000	8.570
88350000.000	8.560
88500000.000	8.560
88650000.000	8.570
88800000.000	8.570
88950000.000	8.570
89100000.000	8.570
89250000.000	8.570
89400000.000	8.570
89550000.000	8.590
89700000.000	8.600
89850000.000	8.610
90000000.000	8.620
90150000.000	8.630
90300000.000	8.620
90450000.000	8.620
90600000.000	8.610
90750000.000	8.620
90900000.000	8.620
91050000.000	8.620
91200000.000	8.620
91350000.000	8.630
91500000.000	8.630
91650000.000	8.630
91800000.000	8.630
91950000.000	8.630
92100000.000	8.630
92250000.000	8.630
92400000.000	8.630
92550000.000	8.640
92700000.000	8.650
92850000.000	8.660
93000000.000	8.670
93150000.000	8.670
93300000.000	8.670
93450000.000	8.670
93600000.000	8.680
93750000.000	8.680
93900000.000	8.690
94050000.000	8.690
94200000.000	8.700
94350000.000	8.690
94500000.000	8.700
94650000.000	8.710
94800000.000	8.720
94950000.000	8.730
95100000.000	8.730
95250000.000	8.720
95400000.000	8.720
95550000.000	8.730
95700000.000	8.740
95850000.000	8.760
96000000.000	8.770
96150000.000	8.780
96300000.000	8.780
96450000.000	8.770
96600000.000	8.770
96750000.000	8.780
96900000.000	8.780
97050000.000	8.790
97200000.000	8.800
97350000.000	8.800
97500000.000	8.810
97650000.000	8.810
97800000.000	8.820
97950000.000	8.830
98100000.000	8.840
98250000.000	8.840
98400000.000	8.840
98550000.000	8.840
98700000.000	8.840
98850000.000	8.840
99000000.000	8.860
99150000.000	8.870
99300000.000	8.880
99450000.000	8.880
99600000.000	8.880
99750000.000	8.880
99900000.000	8.850
100050000.000	8.880
100200000.000	8.890
100350000.000	8.890
100500000.000	8.900
100650000.000	8.910
100800000.000	8.920
100950000.000	8.930
101100000.000	8.940
101250000.000	8.950
101400000.000	8.950
101550000.000	8.950
101700000.000	8.950
101850000.000	8.960
102000000.000	8.960
102150000.000	8.980
102300000.000	8.990
102450000.000	9.010
102600000.000	9.020
102750000.000	9.020
102900000.000	9.010
103050000.000	9.010
103200000.000	9.010
103350000.000	9.020
103500000.000	9.030
103650000.000	9.050
103800000.000	9.060
103950000.000	9.070
104100000.000	9.080
104250000.000	9.090
104400000.000	9.090
104550000.000	9.090
104700000.000	9.090
104850000.000	9.090
105000000.000	9.090
105150000.000	9.100
105300000.000	9.100
105450000.000	9.120
105600000.000	9.130
105750000.000	9.140
105900000.000	9.140
106050000.000	9.140
106200000.000	9.140
106350000.000	9.140
106500000.000	9.140
106650000.000	9.150
106800000.000	9.160
106950000.000	9.170
107100000.000	9.180
107250000.000	9.190
107400000.000	9.190
107550000.000	9.200
107700000.000	9.200
107850000.000	9.190
108000000.000	9.190
108150000.000	9.190
108300000.000	9.190
108450000.000	9.200
108600000.000	9.210
108750000.000	9.220
108900000.000	9.230
109050000.000	9.230
109200000.000	9.230
109350000.000	9.230
109500000.000	9.230
109650000.000	9.240
109800000.000	9.250
109950000.000	9.270
110100000.000	9.280
110250000.000	9.290
110400000.000	9.310
110550000.000	9.320
110700000.000	9.330
110850000.000	9.340
111000000.000	9.340
111150000.000	9.350
111300000.000	9.350
111450000.000	9.370
111600000.000	9.380
111750000.000	9.400
111900000.000	9.410
112050000.000	9.420
112200000.000	9.430
112350000.000	9.430
112500000.000	9.430
112650000.000	9.430
112800000.000	9.440
112950000.000	9.460
113100000.000	9.470
113250000.000	9.480
113400000.000	9.490
113550000.000	9.500
113700000.000	9.510
113850000.000	9.510
114000000.000	9.520
114150000.000	9.530
114300000.000	9.530
114450000.000	9.530
114600000.000	9.540
114750000.000	9.550
114900000.000	9.570
115050000.000	9.590
115200000.000	9.610
115350000.000	9.610
115500000.000	9.610
115650000.000	9.610
115800000.000	9.610
115950000.000	9.620
116100000.000	9.630
116250000.000	9.640
116400000.000	9.650
116550000.000	9.650
116700000.000	9.660
116850000.000	9.670
117000000.000	9.670
117150000.000	9.680
117300000.000	9.680
117450000.000	9.680
117600000.000	9.670
117750000.000	9.680
117900000.000	9.690
118050000.000	9.700
118200000.000	9.710
118350000.000	9.720
118500000.000	9.730
118650000.000	9.730
118800000.000	9.720
118950000.000	9.710
119100000.000	9.710
119250000.000	9.720
119400000.000	9.720
119550000.000	9.730
119700000.000	9.730
119850000.000	9.730
120000000.000	9.730
120150000.000	9.730
120300000.000	9.720
120450000.000	9.720
120600000.000	9.710
120750000.000	9.700
120900000.000	9.690
121050000.000	9.690
121200000.000	9.690
121350000.000	9.690
121500000.000	9.690
121650000.000	9.680
121800000.000	9.670
121950000.000	9.640
122100000.000	9.620
122250000.000	9.600
122400000.000	9.590
122550000.000	9.580
122700000.000	9.570
122850000.000	9.560
123000000.000	9.550
123150000.000	9.530
123300000.000	9.510
123450000.000	9.490
123600000.000	9.470
123750000.000	9.450
123900000.000	9.420
124050000.000	9.400
124200000.000	9.380
124350000.000	9.360
124500000.000	9.340
124650000.000	9.320
124800000.000	9.300
124950000.000	9.280
125100000.000	9.270
125250000.000	9.260
125400000.000	9.250
125550000.000	9.250
125700000.000	9.240
125850000.000	9.240
126000000.000	9.230
126150000.000	9.220
126300000.000	9.200
126450000.000	9.190
126600000.000	9.180
126750000.000	9.160
126900000.000	9.140
127050000.000	9.130
127200000.000	9.120
127350000.000	9.100
127500000.000	9.090
127650000.000	9.080
127800000.000	9.070
127950000.000	9.060
128100000.000	9.040
128250000.000	9.010
128400000.000	8.980
128550000.000	8.950
128700000.000	8.920
128850000.000	8.890
129000000.000	8.870
129150000.000	8.860
129300000.000	8.850
129450000.000	8.860
129600000.000	8.860
129750000.000	8.860
129900000.000	8.850
130050000.000	8.850
130200000.000	8.840
130350000.000	8.830
130500000.000	8.820
130650000.000	8.820
130800000.000	8.820
130950000.000	8.820
131100000.000	8.810
131250000.000	8.800
131400000.000	8.780
131550000.000	8.770
131700000.000	8.750
131850000.000	8.740
132000000.000	8.730
132150000.000	8.730
132300000.000	8.730
132450000.000	8.720
132600000.000	8.720
132750000.000	8.700
132900000.000	8.690
133050000.000	8.680
133200000.000	8.660
133350000.000	8.650
133500000.000	8.640
133650000.000	8.620
133800000.000	8.610
133950000.000	8.610
134100000.000	8.610
134250000.000	8.600
134400000.000	8.590
134550000.000	8.570
134700000.000	8.560
134850000.000	8.540
135000000.000	8.520
135150000.000	8.510
135300000.000	8.510
135450000.000	8.510
135600000.000	8.510
135750000.000	8.500
135900000.000	8.490
136050000.000	8.470
136200000.000	8.460
136350000.000	8.450
136500000.000	8.440
136650000.000	8.430
136800000.000	8.420
136950000.000	8.410
137100000.000	8.400
137250000.000	8.400
137400000.000	8.390
137550000.000	8.390
137700000.000	8.380
137850000.000	8.360
138000000.000	8.340
138150000.000	8.330
138300000.000	8.320
138450000.000	8.310
138600000.000	8.310
138750000.000	8.310
138900000.000	8.300
139050000.000	8.300
139200000.000	8.280
139350000.000	8.270
139500000.000	8.250
139650000.000	8.240
139800000.000	8.230
139950000.000	8.230
140100000.000	8.220
140250000.000	8.220
140400000.000	8.210
140550000.000	8.210
140700000.000	8.200
140850000.000	8.190
141000000.000	8.180
141150000.000	8.160
141300000.000	8.150
141450000.000	8.140
141600000.000	8.130
141750000.000	8.130
141900000.000	8.130
142050000.000	8.120
142200000.000	8.120
142350000.000	8.110
142500000.000	8.100
142650000.000	8.080
142800000.000	8.070
142950000.000	8.060
143100000.000	8.050
143250000.000	8.040
143400000.000	8.040
143550000.000	8.030
143700000.000	8.030
143850000.000	8.030
144000000.000	8.020
144150000.000	8.010
144300000.000	7.990
144450000.000	7.980
144600000.000	7.970
144750000.000	7.970
144900000.000	7.970
145050000.000	7.960
145200000.000	7.960
145350000.000	7.950
145500000.000	7.940
145650000.000	7.930
145800000.000	7.920
145950000.000	7.910
146100000.000	7.900
146250000.000	7.880
146400000.000	7.870
146550000.000	7.860
146700000.000	7.860
146850000.000	7.860
147000000.000	7.860
147150000.000	7.850
147300000.000	7.840
147450000.000	7.820
147600000.000	7.800
147750000.000	7.790
147900000.000	7.790
148050000.000	7.790
148200000.000	7.790
148350000.000	7.790
148500000.000	7.780
148650000.000	7.770
148800000.000	7.750
148950000.000	7.740
149100000.000	7.730
149250000.000	7.720
149400000.000	7.720
149550000.000	7.710
149700000.000	7.710
149850000.000	7.700
150000000.000	7.700
150620000.000	7.590
151750000.000	7.500
152880000.000	7.390
154000000.000	7.360
155120000.000	7.370
156250000.000	7.440
157380000.000	7.370
158500000.000	7.250
159620000.000	7.190
160750000.000	7.160
161880000.000	7.190
163000000.000	7.190
164120000.000	7.180
165250000.000	7.200
166380000.000	7.200
167500000.000	7.190
168620000.000	7.180
169750000.000	7.240
170880000.000	7.310
172000000.000	7.380
173120000.000	7.540
174250000.000	7.810
175380000.000	8.320
176500000.000	8.900
177620000.000	8.930
178750000.000	8.490
179880000.000	8.030
181000000.000	7.720
182120000.000	7.510
183250000.000	7.330
184380000.000	7.230
185500000.000	7.170
186620000.000	7.120
187750000.000	7.090
188880000.000	7.100
190000000.000	7.150
191120000.000	7.210
192250000.000	7.120
193380000.000	7.030
194500000.000	7.000
195620000.000	7.000
196750000.000	7.020
197880000.000	7.040
199000000.000	7.060
200120000.000	7.090
201250000.000	7.130
202380000.000	7.170
203500000.000	7.210
204620000.000	7.260
205750000.000	7.290
206880000.000	7.320
208000000.000	7.360
209120000.000	7.400
210250000.000	7.430
211380000.000	7.480
212500000.000	7.530
213620000.000	7.580
214750000.000	7.640
215880000.000	7.740
217000000.000	7.860
218120000.000	7.950
219250000.000	8.040
220380000.000	8.140
221500000.000	8.210
222620000.000	8.280
223750000.000	8.340
224880000.000	8.390
226000000.000	8.430
227120000.000	8.470
228250000.000	8.520
229380000.000	8.560
230500000.000	8.600
231620000.000	8.640
232750000.000	8.680
233880000.000	8.720
235000000.000	8.760
236120000.000	8.800
237250000.000	8.830
238380000.000	8.860
239500000.000	8.900
240620000.000	8.980
241750000.000	9.050
242880000.000	9.050
244000000.000	9.050
245120000.000	9.060
246250000.000	9.080
247380000.000	9.100
248500000.000	9.130
249620000.000	9.170
250750000.000	9.220
251880000.000	9.250
253000000.000	9.290
254120000.000	9.330
255250000.000	9.370
256380000.000	9.420
257500000.000	9.450
258620000.000	9.490
259750000.000	9.530
260880000.000	9.560
262000000.000	9.600
263120000.000	9.650
264250000.000	9.690
265380000.000	9.720
266500000.000	9.770
267620000.000	9.830
268750000.000	9.870
269880000.000	9.900
271000000.000	9.910
272120000.000	9.930
273250000.000	9.950
274380000.000	9.980
275500000.000	10.020
276620000.000	10.060
277750000.000	10.100
278880000.000	10.150
280000000.000	10.190
281120000.000	10.230
282250000.000	10.270
283380000.000	10.310
284500000.000	10.340
285620000.000	10.380
286750000.000	10.410
287880000.000	10.450
289000000.000	10.480
290120000.000	10.510
291250000.000	10.540
292380000.000	10.570
293500000.000	10.600
294620000.000	10.630
295750000.000	10.660
296880000.000	10.690
298000000.000	10.730
299120000.000	10.780
300250000.000	10.820
301380000.000	10.880
302500000.000	10.950
303620000.000	11.050
304750000.000	11.190
305880000.000	11.270
307000000.000	11.240
308120000.000	11.190
309250000.000	11.170
310380000.000	11.180
311500000.000	11.200
312620000.000	11.220
313750000.000	11.260
314880000.000	11.280
316000000.000	11.310
317120000.000	11.340
318250000.000	11.370
319380000.000	11.410
320500000.000	11.440
321620000.000	11.480
322750000.000	11.510
323880000.000	11.540
325000000.000	11.570
326120000.000	11.610
327250000.000	11.640
328380000.000	11.670
329500000.000	11.700
330620000.000	11.720
331750000.000	11.750
332880000.000	11.790
334000000.000	11.850
335120000.000	11.930
336250000.000	12.020
337380000.000	12.040
338500000.000	12.020
339620000.000	12.000
340750000.000	12.000
341880000.000	12.010
343000000.000	12.020
344120000.000	12.030
345250000.000	12.060
346380000.000	12.090
347500000.000	12.110
348620000.000	12.150
349750000.000	12.180
350880000.000	12.220
352000000.000	12.240
353120000.000	12.260
354250000.000	12.290
355380000.000	12.310
356500000.000	12.340
357620000.000	12.360
358750000.000	12.390
359880000.000	12.410
361000000.000	12.430
362120000.000	12.460
363250000.000	12.470
364380000.000	12.500
365500000.000	12.520
366620000.000	12.540
367750000.000	12.570
368880000.000	12.590
370000000.000	12.630
371120000.000	12.680
372250000.000	12.750
373380000.000	12.840
374500000.000	12.910
375620000.000	12.930
376750000.000	12.920
377880000.000	12.910
379000000.000	12.910
380120000.000	12.920
381250000.000	12.940
382380000.000	12.960
383500000.000	12.980
384620000.000	13.000
385750000.000	13.030
386880000.000	13.050
388000000.000	13.070
389120000.000	13.100
390250000.000	13.130
391380000.000	13.150
392500000.000	13.180
393620000.000	13.210
394750000.000	13.230
395880000.000	13.260
397000000.000	13.290
398120000.000	13.320
399250000.000	13.350
400380000.000	13.370
401500000.000	13.400
402620000.000	13.430
403750000.000	13.450
404880000.000	13.480
406000000.000	13.500
407120000.000	13.520
408250000.000	13.540
409380000.000	13.570
410500000.000	13.590
411620000.000	13.610
412750000.000	13.640
413880000.000	13.680
415000000.000	13.730
416120000.000	13.790
417250000.000	13.820
418380000.000	13.830
419500000.000	13.830
420620000.000	13.820
421750000.000	13.830
422880000.000	13.840
424000000.000	13.850
425120000.000	13.870
426250000.000	13.890
427380000.000	13.910
428500000.000	13.940
429620000.000	13.970
430750000.000	13.990
431880000.000	14.020
433000000.000	14.050
434120000.000	14.080
435250000.000	14.100
436380000.000	14.130
437500000.000	14.160
438620000.000	14.170
439750000.000	14.210
440880000.000	14.230
442000000.000	14.260
443120000.000	14.290
444250000.000	14.310
445380000.000	14.340
446500000.000	14.370
447620000.000	14.400
448750000.000	14.420
449880000.000	14.450
451000000.000	14.470
452120000.000	14.500
453250000.000	14.520
454380000.000	14.550
455500000.000	14.570
456620000.000	14.600
457750000.000	14.630
458880000.000	14.650
460000000.000	14.690
461120000.000	14.720
462250000.000	14.770
463380000.000	14.830
464500000.000	14.890
465620000.000	14.950
466750000.000	14.980
467880000.000	14.980
469000000.000	14.980
470120000.000	14.980
471250000.000	14.980
472380000.000	14.990
473500000.000	15.000
474620000.000	15.010
475750000.000	15.010
476880000.000	15.020
478000000.000	15.030
479120000.000	15.040
480250000.000	15.050
481380000.000	15.060
482500000.000	15.070
483620000.000	15.090
484750000.000	15.110
485880000.000	15.130
487000000.000	15.150
488120000.000	15.170
489250000.000	15.200
490380000.000	15.210
491500000.000	15.230
492620000.000	15.250
493750000.000	15.280
494880000.000	15.300
496000000.000	15.320
497120000.000	15.350
498250000.000	15.370
499380000.000	15.390
500500000.000	15.420
501620000.000	15.440
502750000.000	15.470
503880000.000	15.490
505000000.000	15.510
506120000.000	15.530
507250000.000	15.550
508380000.000	15.560
509500000.000	15.580
510620000.000	15.600
511750000.000	15.620
512880000.000	15.640
514000000.000	15.670
515120000.000	15.700
516250000.000	15.730
517380000.000	15.780
518500000.000	15.830
519620000.000	15.880
520750000.000	15.920
521880000.000	15.920
523000000.000	15.900
524120000.000	15.880
525250000.000	15.870
526380000.000	15.860
527500000.000	15.860
528620000.000	15.860
529750000.000	15.870
530880000.000	15.870
532000000.000	15.880
533120000.000	15.890
534250000.000	15.900
535380000.000	15.910
536500000.000	15.920
537620000.000	15.930
538750000.000	15.950
539880000.000	15.960
541000000.000	15.970
542120000.000	15.980
543250000.000	16.000
544380000.000	16.020
545500000.000	16.040
546620000.000	16.060
547750000.000	16.090
548880000.000	16.100
550000000.000	16.110
551120000.000	16.130
552250000.000	16.150
553380000.000	16.170
554500000.000	16.190
555620000.000	16.210
556750000.000	16.230
557880000.000	16.250
559000000.000	16.270
560120000.000	16.290
561250000.000	16.310
562380000.000	16.340
563500000.000	16.360
564620000.000	16.390
565750000.000	16.420
566880000.000	16.440
568000000.000	16.470
569120000.000	16.490
570250000.000	16.520
571380000.000	16.540
572500000.000	16.560
573620000.000	16.590
574750000.000	16.610
575880000.000	16.640
577000000.000	16.680
578120000.000	16.720
579250000.000	16.760
580380000.000	16.820
581500000.000	16.890
582620000.000	16.940
583750000.000	16.980
584880000.000	16.990
586000000.000	16.970
587120000.000	16.950
588250000.000	16.920
589380000.000	16.900
590500000.000	16.880
591620000.000	16.870
592750000.000	16.870
593880000.000	16.870
595000000.000	16.870
596120000.000	16.880
597250000.000	16.880
598380000.000	16.890
599500000.000	16.900
600620000.000	16.910
601750000.000	16.920
602880000.000	16.930
604000000.000	16.940
605120000.000	16.950
606250000.000	16.960
607380000.000	16.970
608500000.000	16.990
609620000.000	17.010
610750000.000	17.020
611880000.000	17.040
613000000.000	17.050
614120000.000	17.070
615250000.000	17.080
616380000.000	17.090
617500000.000	17.100
618620000.000	17.110
619750000.000	17.120
620880000.000	17.130
622000000.000	17.140
623120000.000	17.160
624250000.000	17.180
625380000.000	17.200
626500000.000	17.220
627620000.000	17.240
628750000.000	17.270
629880000.000	17.290
631000000.000	17.310
632120000.000	17.330
633250000.000	17.350
634380000.000	17.360
635500000.000	17.380
636620000.000	17.400
637750000.000	17.420
638880000.000	17.440
640000000.000	17.470
641120000.000	17.490
642250000.000	17.520
643380000.000	17.540
644500000.000	17.570
645620000.000	17.600
646750000.000	17.630
647880000.000	17.660
649000000.000	17.690
650120000.000	17.720
651250000.000	17.750
652380000.000	17.770
653500000.000	17.810
654620000.000	17.830
655750000.000	17.860
656880000.000	17.890
658000000.000	17.920
659120000.000	17.950
660250000.000	17.970
661380000.000	17.980
662500000.000	17.990
663620000.000	17.970
664750000.000	17.950
665880000.000	17.930
667000000.000	17.910
668120000.000	17.890
669250000.000	17.880
670380000.000	17.870
671500000.000	17.870
672620000.000	17.870
673750000.000	17.880
674880000.000	17.900
676000000.000	17.910
677120000.000	17.930
678250000.000	17.950
679380000.000	17.980
680500000.000	18.000
681620000.000	18.030
682750000.000	18.050
683880000.000	18.080
685000000.000	18.100
686120000.000	18.120
687250000.000	18.140
688380000.000	18.160
689500000.000	18.180
690620000.000	18.190
691750000.000	18.210
692880000.000	18.230
694000000.000	18.240
695120000.000	18.260
696250000.000	18.270
697380000.000	18.280
698500000.000	18.290
699620000.000	18.300
700750000.000	18.330
701880000.000	18.350
703000000.000	18.360
704120000.000	18.370
705250000.000	18.380
706380000.000	18.400
707500000.000	18.410
708620000.000	18.430
709750000.000	18.460
710880000.000	18.480
712000000.000	18.500
713120000.000	18.520
714250000.000	18.540
715380000.000	18.570
716500000.000	18.590
717620000.000	18.610
718750000.000	18.630
719880000.000	18.650
721000000.000	18.660
722120000.000	18.670
723250000.000	18.680
724380000.000	18.690
725500000.000	18.700
726620000.000	18.710
727750000.000	18.710
728880000.000	18.720
730000000.000	18.730
731120000.000	18.740
732250000.000	18.760
733380000.000	18.780
734500000.000	18.800
735620000.000	18.830
736750000.000	18.860
737880000.000	18.900
739000000.000	18.940
740120000.000	18.970
741250000.000	19.000
742380000.000	19.020
743500000.000	19.030
744620000.000	19.020
745750000.000	19.010
746880000.000	18.990
748000000.000	18.980
749120000.000	18.960
750250000.000	18.950
751380000.000	18.940
752500000.000	18.940
753620000.000	18.930
754750000.000	18.930
755880000.000	18.920
757000000.000	18.920
758120000.000	18.910
759250000.000	18.910
760380000.000	18.910
761500000.000	18.910
762620000.000	18.910
763750000.000	18.920
764880000.000	18.920
766000000.000	18.930
767120000.000	18.950
768250000.000	18.960
769380000.000	18.970
770500000.000	18.990
771620000.000	19.000
772750000.000	19.020
773880000.000	19.030
775000000.000	19.040
776120000.000	19.040
777250000.000	19.050
778380000.000	19.050
779500000.000	19.060
780620000.000	19.070
781750000.000	19.090
782880000.000	19.110
784000000.000	19.130
785120000.000	19.150
786250000.000	19.180
787380000.000	19.200
788500000.000	19.220
789620000.000	19.240
790750000.000	19.260
791880000.000	19.270
793000000.000	19.290
794120000.000	19.310
795250000.000	19.330
796380000.000	19.340
797500000.000	19.360
798620000.000	19.370
799750000.000	19.390
800880000.000	19.410
802000000.000	19.430
803120000.000	19.450
804250000.000	19.460
805380000.000	19.480
806500000.000	19.500
807620000.000	19.520
808750000.000	19.540
809880000.000	19.550
811000000.000	19.570
812120000.000	19.580
813250000.000	19.590
814380000.000	19.600
815500000.000	19.620
816620000.000	19.630
817750000.000	19.640
818880000.000	19.670
820000000.000	19.690
821120000.000	19.730
822250000.000	19.760
823380000.000	19.810
824500000.000	19.860
825620000.000	19.910
826750000.000	19.970
827880000.000	20.010
829000000.000	20.050
830120000.000	20.070
831250000.000	20.080
832380000.000	20.070
833500000.000	20.060
834620000.000	20.040
835750000.000	20.020
836880000.000	20.000
838000000.000	19.980
839120000.000	19.960
840250000.000	19.950
841380000.000	19.940
842500000.000	19.930
843620000.000	19.920
844750000.000	19.920
845880000.000	19.910
847000000.000	19.910
848120000.000	19.910
849250000.000	19.910
850380000.000	19.910
851500000.000	19.920
852620000.000	19.920
853750000.000	19.930
854880000.000	19.940
856000000.000	19.950
857120000.000	19.960
858250000.000	19.970
859380000.000	19.980
860500000.000	20.000
861620000.000	20.010
862750000.000	20.030
863880000.000	20.040
865000000.000	20.050
866120000.000	20.070
867250000.000	20.080
868380000.000	20.100
869500000.000	20.120
870620000.000	20.140
871750000.000	20.160
872880000.000	20.170
874000000.000	20.200
875120000.000	20.220
876250000.000	20.240
877380000.000	20.260
878500000.000	20.280
879620000.000	20.310
880750000.000	20.330
881880000.000	20.360
883000000.000	20.380
884120000.000	20.390
885250000.000	20.410
886380000.000	20.420
887500000.000	20.430
888620000.000	20.440
889750000.000	20.450
890880000.000	20.460
892000000.000	20.470
893120000.000	20.480
894250000.000	20.490
895380000.000	20.500
896500000.000	20.500
897620000.000	20.510
898750000.000	20.510
899880000.000	20.520
901000000.000	20.530
902120000.000	20.540
903250000.000	20.550
904380000.000	20.560
905500000.000	20.580
906620000.000	20.600
907750000.000	20.620
908880000.000	20.650
910000000.000	20.670
911120000.000	20.700
912250000.000	20.740
913380000.000	20.770
914500000.000	20.800
915620000.000	20.850
916750000.000	20.890
917880000.000	20.930
919000000.000	20.970
920120000.000	21.000
921250000.000	21.040
922380000.000	21.070
923500000.000	21.080
924620000.000	21.100
925750000.000	21.090
926880000.000	21.090
928000000.000	21.080
929120000.000	21.060
930250000.000	21.040
931380000.000	21.010
932500000.000	20.990
933620000.000	20.970
934750000.000	20.940
935880000.000	20.920
937000000.000	20.900
938120000.000	20.890
939250000.000	20.870
940380000.000	20.860
941500000.000	20.850
942620000.000	20.830
943750000.000	20.830
944880000.000	20.820
946000000.000	20.810
947120000.000	20.810
948250000.000	20.810
949380000.000	20.810
950500000.000	20.810
951620000.000	20.810
952750000.000	20.820
953880000.000	20.820
955000000.000	20.830
956120000.000	20.840
957250000.000	20.850
958380000.000	20.860
959500000.000	20.870
960620000.000	20.880
961750000.000	20.890
962880000.000	20.910
964000000.000	20.920
965120000.000	20.930
966250000.000	20.940
967380000.000	20.940
968500000.000	20.950
969620000.000	20.960
970750000.000	20.960
971880000.000	20.970
973000000.000	20.980
974120000.000	20.980
975250000.000	20.990
976380000.000	21.000
977500000.000	21.010
978620000.000	21.010
979750000.000	21.020
980880000.000	21.030
982000000.000	21.040
983120000.000	21.050
984250000.000	21.060
985380000.000	21.080
986500000.000	21.090
987620000.000	21.100
988750000.000	21.120
989880000.000	21.130
991000000.000	21.150
992120000.000	21.160
993250000.000	21.180
994380000.000	21.190
995500000.000	21.210
996620000.000	21.230
997750000.000	21.240
998880000.000	21.260
1000000000.000	21.270
1002500000.000	21.400
1005000000.000	21.430
1007500000.000	21.460
1010000000.000	21.490
1012500000.000	21.520
1015000000.000	21.560
1017500000.000	21.590
1020000000.000	21.640
1022500000.000	21.700
1025000000.000	21.760
1027500000.000	21.830
1030000000.000	21.900
1032500000.000	21.970
1035000000.000	22.040
1037500000.000	22.060
1040000000.000	22.050
1042500000.000	22.030
1045000000.000	22.000
1047500000.000	21.960
1050000000.000	21.940
1052500000.000	21.920
1055000000.000	21.910
1057500000.000	21.910
1060000000.000	21.920
1062500000.000	21.920
1065000000.000	21.940
1067500000.000	21.950
1070000000.000	21.970
1072500000.000	21.980
1075000000.000	22.000
1077500000.000	22.020
1080000000.000	22.040
1082500000.000	22.060
1085000000.000	22.080
1087500000.000	22.110
1090000000.000	22.130
1092500000.000	22.160
1095000000.000	22.190
1097500000.000	22.220
1100000000.000	22.250
1102500000.000	22.290
1105000000.000	22.320
1107500000.000	22.360
1110000000.000	22.390
1112500000.000	22.430
1115000000.000	22.470
1117500000.000	22.500
1120000000.000	22.530
1122500000.000	22.550
1125000000.000	22.580
1127500000.000	22.610
1130000000.000	22.640
1132500000.000	22.670
1135000000.000	22.690
1137500000.000	22.720
1140000000.000	22.750
1142500000.000	22.790
1145000000.000	22.840
1147500000.000	22.900
1150000000.000	22.960
1152500000.000	23.020
1155000000.000	23.070
1157500000.000	23.100
1160000000.000	23.090
1162500000.000	23.070
1165000000.000	23.040
1167500000.000	23.010
1170000000.000	22.980
1172500000.000	22.950
1175000000.000	22.930
1177500000.000	22.910
1180000000.000	22.890
1182500000.000	22.880
1185000000.000	22.870
1187500000.000	22.870
1190000000.000	22.870
1192500000.000	22.840
1195000000.000	22.840
1197500000.000	22.850
1200000000.000	22.860
1202500000.000	22.880
1205000000.000	22.890
1207500000.000	22.900
1210000000.000	22.910
1212500000.000	22.930
1215000000.000	22.950
1217500000.000	22.970
1220000000.000	22.990
1222500000.000	23.000
1225000000.000	23.020
1227500000.000	23.040
1230000000.000	23.050
1232500000.000	23.070
1235000000.000	23.090
1237500000.000	23.110
1240000000.000	23.130
1242500000.000	23.150
1245000000.000	23.180
1247500000.000	23.210
1250000000.000	23.240
1252500000.000	23.260
1255000000.000	23.280
1257500000.000	23.310
1260000000.000	23.330
1262500000.000	23.350
1265000000.000	23.380
1267500000.000	23.410
1270000000.000	23.440
1272500000.000	23.480
1275000000.000	23.530
1277500000.000	23.580
1280000000.000	23.640
1282500000.000	23.690
1285000000.000	23.750
1287500000.000	23.810
1290000000.000	23.870
1292500000.000	23.920
1295000000.000	23.960
1297500000.000	23.990
1300000000.000	24.000
1302500000.000	24.000
1305000000.000	23.980
1307500000.000	23.950
1310000000.000	23.920
1312500000.000	23.890
1315000000.000	23.860
1317500000.000	23.840
1320000000.000	23.820
1322500000.000	23.810
1325000000.000	23.800
1327500000.000	23.790
1330000000.000	23.790
1332500000.000	23.790
1335000000.000	23.790
1337500000.000	23.800
1340000000.000	23.800
1342500000.000	23.810
1345000000.000	23.820
1347500000.000	23.840
1350000000.000	23.860
1352500000.000	23.870
1355000000.000	23.890
1357500000.000	23.910
1360000000.000	23.930
1362500000.000	23.950
1365000000.000	23.970
1367500000.000	23.980
1370000000.000	24.000
1372500000.000	24.020
1375000000.000	24.050
1377500000.000	24.070
1380000000.000	24.100
1382500000.000	24.120
1385000000.000	24.150
1387500000.000	24.180
1390000000.000	24.210
1392500000.000	24.230
1395000000.000	24.260
1397500000.000	24.290
1400000000.000	24.310
1402500000.000	24.330
1405000000.000	24.350
1407500000.000	24.370
1410000000.000	24.400
1412500000.000	24.430
1415000000.000	24.470
1417500000.000	24.510
1420000000.000	24.560
1422500000.000	24.610
1425000000.000	24.670
1427500000.000	24.740
1430000000.000	24.810
1432500000.000	24.870
1435000000.000	24.950
1437500000.000	25.020
1440000000.000	25.080
1442500000.000	25.130
1445000000.000	25.170
1447500000.000	25.190
1450000000.000	25.180
1452500000.000	25.160
1455000000.000	25.120
1457500000.000	25.080
1460000000.000	25.050
1462500000.000	25.030
1465000000.000	25.010
1467500000.000	24.990
1470000000.000	24.970
1472500000.000	24.960
1475000000.000	24.940
1477500000.000	24.920
1480000000.000	24.900
1482500000.000	24.890
1485000000.000	24.870
1487500000.000	24.860
1490000000.000	24.850
1492500000.000	24.850
1495000000.000	24.840
1497500000.000	24.840
1500000000.000	24.840
1502500000.000	24.850
1505000000.000	24.860
1507500000.000	24.870
1510000000.000	24.880
1512500000.000	24.890
1515000000.000	24.900
1517500000.000	24.910
1520000000.000	24.920
1522500000.000	24.930
1525000000.000	24.940
1527500000.000	24.940
1530000000.000	24.940
1532500000.000	24.950
1535000000.000	24.960
1537500000.000	24.960
1540000000.000	24.970
1542500000.000	24.980
1545000000.000	24.990
1547500000.000	25.000
1550000000.000	25.010
1552500000.000	25.030
1555000000.000	25.050
1557500000.000	25.070
1560000000.000	25.090
1562500000.000	25.110
1565000000.000	25.120
1567500000.000	25.150
1570000000.000	25.170
1572500000.000	25.190
1575000000.000	25.210
1577500000.000	25.230
1580000000.000	25.250
1582500000.000	25.280
1585000000.000	25.300
1587500000.000	25.330
1590000000.000	25.380
1592500000.000	25.420
1595000000.000	25.470
1597500000.000	25.520
1600000000.000	25.570
1602500000.000	25.620
1605000000.000	25.670
1607500000.000	25.730
1610000000.000	25.780
1612500000.000	25.830
1615000000.000	25.870
1617500000.000	25.910
1620000000.000	25.950
1622500000.000	25.970
1625000000.000	25.990
1627500000.000	26.000
1630000000.000	25.980
1632500000.000	25.960
1635000000.000	25.940
1637500000.000	25.910
1640000000.000	25.880
1642500000.000	25.860
1645000000.000	25.840
1647500000.000	25.830
1650000000.000	25.810
1652500000.000	25.800
1655000000.000	25.790
1657500000.000	25.780
1660000000.000	25.770
1662500000.000	25.770
1665000000.000	25.780
1667500000.000	25.770
1670000000.000	25.770
1672500000.000	25.760
1675000000.000	25.760
1677500000.000	25.750
1680000000.000	25.750
1682500000.000	25.750
1685000000.000	25.740
1687500000.000	25.740
1690000000.000	25.740
1692500000.000	25.730
1695000000.000	25.730
1697500000.000	25.730
1700000000.000	25.730
1702500000.000	25.730
1705000000.000	25.740
1707500000.000	25.750
1710000000.000	25.750
1712500000.000	25.760
1715000000.000	25.760
1717500000.000	25.770
1720000000.000	25.780
1722500000.000	25.790
1725000000.000	25.800
1727500000.000	25.810
1730000000.000	25.820
1732500000.000	25.830
1735000000.000	25.840
1737500000.000	25.860
1740000000.000	25.870
1742500000.000	25.880
1745000000.000	25.900
1747500000.000	25.920
1750000000.000	25.940
1752500000.000	25.960
1755000000.000	25.980
1757500000.000	26.010
1760000000.000	26.040
1762500000.000	26.080
1765000000.000	26.120
1767500000.000	26.160
1770000000.000	26.220
1772500000.000	26.270
1775000000.000	26.330
1777500000.000	26.380
1780000000.000	26.440
1782500000.000	26.500
1785000000.000	26.560
1787500000.000	26.620
1790000000.000	26.690
1792500000.000	26.760
1795000000.000	26.820
1797500000.000	26.890
1800000000.000	26.950
1802500000.000	26.990
1805000000.000	27.030
1807500000.000	27.060
1810000000.000	27.080
1812500000.000	27.080
1815000000.000	27.080
1817500000.000	27.080
1820000000.000	27.080
1822500000.000	27.080
1825000000.000	27.080
1827500000.000	27.070
1830000000.000	27.060
1832500000.000	27.050
1835000000.000	27.020
1837500000.000	26.990
1840000000.000	26.970
1842500000.000	26.950
1845000000.000	26.920
1847500000.000	26.900
1850000000.000	26.880
1852500000.000	26.860
1855000000.000	26.850
1857500000.000	26.840
1860000000.000	26.820
1862500000.000	26.810
1865000000.000	26.800
1867500000.000	26.780
1870000000.000	26.770
1872500000.000	26.750
1875000000.000	26.740
1877500000.000	26.740
1880000000.000	26.750
1882500000.000	26.750
1885000000.000	26.750
1887500000.000	26.750
1890000000.000	26.760
1892500000.000	26.760
1895000000.000	26.760
1897500000.000	26.770
1900000000.000	26.780
1902500000.000	26.780
1905000000.000	26.780
1907500000.000	26.770
1910000000.000	26.770
1912500000.000	26.770
1915000000.000	26.770
1917500000.000	26.760
1920000000.000	26.760
1922500000.000	26.760
1925000000.000	26.750
1927500000.000	26.750
1930000000.000	26.750
1932500000.000	26.740
1935000000.000	26.740
1937500000.000	26.750
1940000000.000	26.760
1942500000.000	26.760
1945000000.000	26.770
1947500000.000	26.780
1950000000.000	26.780
1952500000.000	26.790
1955000000.000	26.800
1957500000.000	26.810
1960000000.000	26.820
1962500000.000	26.840
1965000000.000	26.860
1967500000.000	26.870
1970000000.000	26.890
1972500000.000	26.910
1975000000.000	26.930
1977500000.000	26.960
1980000000.000	26.980
1982500000.000	27.010
1985000000.000	27.040
1987500000.000	27.070
1990000000.000	27.100
1992500000.000	27.130
1995000000.000	27.180
1997500000.000	27.220
2000000000.000	27.260
2002500000.000	27.310
2005000000.000	27.350
2007500000.000	27.390
2010000000.000	27.430
2012500000.000	27.480
2015000000.000	27.530
2017500000.000	27.580
2020000000.000	27.640
2022500000.000	27.690
2025000000.000	27.730
2027500000.000	27.770
2030000000.000	27.810
2032500000.000	27.850
2035000000.000	27.890
2037500000.000	27.910
2040000000.000	27.940
2042500000.000	27.950
2045000000.000	27.960
2047500000.000	27.960
2050000000.000	27.950
2052500000.000	27.930
2055000000.000	27.910
2057500000.000	27.880
2060000000.000	27.860
2062500000.000	27.830
2065000000.000	27.800
2067500000.000	27.780
2070000000.000	27.750
2072500000.000	27.720
2075000000.000	27.690
2077500000.000	27.660
2080000000.000	27.650
2082500000.000	27.630
2085000000.000	27.620
2087500000.000	27.620
2090000000.000	27.620
2092500000.000	27.620
2095000000.000	27.630
2097500000.000	27.630
2100000000.000	27.640
2102500000.000	27.650
2105000000.000	27.650
2107500000.000	27.650
2110000000.000	27.650
2112500000.000	27.650
2115000000.000	27.640
2117500000.000	27.640
2120000000.000	27.630
2122500000.000	27.630
2125000000.000	27.620
2127500000.000	27.610
2130000000.000	27.610
2132500000.000	27.610
2135000000.000	27.600
2137500000.000	27.600
2140000000.000	27.600
2142500000.000	27.600
2145000000.000	27.600
2147500000.000	27.610
2150000000.000	27.620
2152500000.000	27.630
2155000000.000	27.640
2157500000.000	27.660
2160000000.000	27.670
2162500000.000	27.680
2165000000.000	27.700
2167500000.000	27.720
2170000000.000	27.740
2172500000.000	27.750
2175000000.000	27.770
2177500000.000	27.800
2180000000.000	27.820
2182500000.000	27.840
2185000000.000	27.860
2187500000.000	27.880
2190000000.000	27.910
2192500000.000	27.930
2195000000.000	27.960
2197500000.000	27.990
2200000000.000	28.020
2202500000.000	28.050
2205000000.000	28.080
2207500000.000	28.120
2210000000.000	28.160
2212500000.000	28.210
2215000000.000	28.260
2217500000.000	28.310
2220000000.000	28.360
2222500000.000	28.420
2225000000.000	28.480
2227500000.000	28.540
2230000000.000	28.600
2232500000.000	28.670
2235000000.000	28.750
2237500000.000	28.830
2240000000.000	28.900
2242500000.000	28.970
2245000000.000	29.040
2247500000.000	29.090
2250000000.000	29.140
2252500000.000	29.170
2255000000.000	29.200
2257500000.000	29.220
2260000000.000	29.250
2262500000.000	29.270
2265000000.000	29.290
2267500000.000	29.300
2270000000.000	29.310
2272500000.000	29.320
2275000000.000	29.320
2277500000.000	29.310
2280000000.000	29.290
2282500000.000	29.280
2285000000.000	29.260
2287500000.000	29.250
2290000000.000	29.240
2292500000.000	29.240
2295000000.000	29.250
2297500000.000	29.260
2300000000.000	29.260
2302500000.000	29.270
2305000000.000	29.280
2307500000.000	29.270
2310000000.000	29.260
2312500000.000	29.250
2315000000.000	29.240
2317500000.000	29.230
2320000000.000	29.220
2322500000.000	29.210
2325000000.000	29.190
2327500000.000	29.190
2330000000.000	29.190
2332500000.000	29.190
2335000000.000	29.190
2337500000.000	29.170
2340000000.000	29.160
2342500000.000	29.150
2345000000.000	29.130
2347500000.000	29.100
2350000000.000	29.080
2352500000.000	29.070
2355000000.000	29.070
2357500000.000	29.070
2360000000.000	29.070
2362500000.000	29.070
2365000000.000	29.070
2367500000.000	29.070
2370000000.000	29.070
2372500000.000	29.060
2375000000.000	29.040
2377500000.000	29.020
2380000000.000	29.010
2382500000.000	29.000
2385000000.000	28.990
2387500000.000	28.980
2390000000.000	28.970
2392500000.000	28.970
2395000000.000	28.970
2397500000.000	28.960
2400000000.000	28.960
2402500000.000	28.950
2405000000.000	28.930
2407500000.000	28.910
2410000000.000	28.910
2412500000.000	28.910
2415000000.000	28.920
2417500000.000	28.920
2420000000.000	28.930
2422500000.000	28.940
2425000000.000	28.940
2427500000.000	28.940
2430000000.000	28.930
2432500000.000	28.930
2435000000.000	28.920
2437500000.000	28.910
2440000000.000	28.910
2442500000.000	28.900
2445000000.000	28.900
2447500000.000	28.900
2450000000.000	28.900
2452500000.000	28.890
2455000000.000	28.900
2457500000.000	28.900
2460000000.000	28.910
2462500000.000	28.920
2465000000.000	28.930
2467500000.000	28.950
2470000000.000	28.970
2472500000.000	28.990
2475000000.000	29.020
2477500000.000	29.060
2480000000.000	29.080
2482500000.000	29.100
2485000000.000	29.140
2487500000.000	29.170
2490000000.000	29.210
2492500000.000	29.230
2495000000.000	29.270
2497500000.000	29.310
2500000000.000	29.340
2502500000.000	29.380
2505000000.000	29.400
2507500000.000	29.430
2510000000.000	29.450
2512500000.000	29.470
2515000000.000	29.490
2517500000.000	29.510
2520000000.000	29.530
2522500000.000	29.550
2525000000.000	29.580
2527500000.000	29.610
2530000000.000	29.630
2532500000.000	29.660
2535000000.000	29.670
2537500000.000	29.690
2540000000.000	29.700
2542500000.000	29.710
2545000000.000	29.720
2547500000.000	29.730
2550000000.000	29.730
2552500000.000	29.730
2555000000.000	29.750
2557500000.000	29.770
2560000000.000	29.780
2562500000.000	29.790
2565000000.000	29.810
2567500000.000	29.820
2570000000.000	29.830
2572500000.000	29.830
2575000000.000	29.840
2577500000.000	29.850
2580000000.000	29.860
2582500000.000	29.880
2585000000.000	29.890
2587500000.000	29.890
2590000000.000	29.900
2592500000.000	29.900
2595000000.000	29.890
2597500000.000	29.890
2600000000.000	29.880
2602500000.000	29.880
2605000000.000	29.860
2607500000.000	29.840
2610000000.000	29.820
2612500000.000	29.800
2615000000.000	29.780
2617500000.000	29.770
2620000000.000	29.760
2622500000.000	29.760
2625000000.000	29.760
2627500000.000	29.760
2630000000.000	29.770
2632500000.000	29.770
2635000000.000	29.770
2637500000.000	29.770
2640000000.000	29.780
2642500000.000	29.780
2645000000.000	29.770
2647500000.000	29.770
2650000000.000	29.770
2652500000.000	29.770
2655000000.000	29.770
2657500000.000	29.760
2660000000.000	29.750
2662500000.000	29.740
2665000000.000	29.720
2667500000.000	29.700
2670000000.000	29.680
2672500000.000	29.660
2675000000.000	29.640
2677500000.000	29.630
2680000000.000	29.630
2682500000.000	29.610
2685000000.000	29.610
2687500000.000	29.620
2690000000.000	29.620
2692500000.000	29.610
2695000000.000	29.610
2697500000.000	29.610
2700000000.000	29.620
2702500000.000	29.620
2705000000.000	29.620
2707500000.000	29.630
2710000000.000	29.640
2712500000.000	29.650
2715000000.000	29.660
2717500000.000	29.670
2720000000.000	29.670
2722500000.000	29.670
2725000000.000	29.680
2727500000.000	29.690
2730000000.000	29.690
2732500000.000	29.710
2735000000.000	29.720
2737500000.000	29.740
2740000000.000	29.750
2742500000.000	29.770
2745000000.000	29.800
2747500000.000	29.820
2750000000.000	29.850
2752500000.000	29.880
2755000000.000	29.910
2757500000.000	29.940
2760000000.000	29.960
2762500000.000	29.980
2765000000.000	30.020
2767500000.000	30.050
2770000000.000	30.080
2772500000.000	30.120
2775000000.000	30.160
2777500000.000	30.200
2780000000.000	30.230
2782500000.000	30.270
2785000000.000	30.310
2787500000.000	30.340
2790000000.000	30.380
2792500000.000	30.420
2795000000.000	30.450
2797500000.000	30.500
2800000000.000	30.540
2802500000.000	30.580
2805000000.000	30.620
2807500000.000	30.660
2810000000.000	30.690
2812500000.000	30.720
2815000000.000	30.750
2817500000.000	30.780
2820000000.000	30.810
2822500000.000	30.850
2825000000.000	30.890
2827500000.000	30.920
2830000000.000	30.970
2832500000.000	31.010
2835000000.000	31.040
2837500000.000	31.070
2840000000.000	31.080
2842500000.000	31.100
2845000000.000	31.120
2847500000.000	31.130
2850000000.000	31.140
2852500000.000	31.160
2855000000.000	31.190
2857500000.000	31.220
2860000000.000	31.260
2862500000.000	31.280
2865000000.000	31.310
2867500000.000	31.330
2870000000.000	31.340
2872500000.000	31.340
2875000000.000	31.330
2877500000.000	31.330
2880000000.000	31.340
2882500000.000	31.360
2885000000.000	31.380
2887500000.000	31.390
2890000000.000	31.420
2892500000.000	31.440
2895000000.000	31.460
2897500000.000	31.460
2900000000.000	31.470
2902500000.000	31.450
2905000000.000	31.440
2907500000.000	31.420
2910000000.000	31.410
2912500000.000	31.420
2915000000.000	31.430
2917500000.000	31.440
2920000000.000	31.450
2922500000.000	31.470
2925000000.000	31.470
2927500000.000	31.480
2930000000.000	31.490
2932500000.000	31.490
2935000000.000	31.490
2937500000.000	31.490
2940000000.000	31.480
2942500000.000	31.480
2945000000.000	31.490
2947500000.000	31.500
2950000000.000	31.500
2952500000.000	31.530
2955000000.000	31.540
2957500000.000	31.560
2960000000.000	31.570
2962500000.000	31.570
2965000000.000	31.570
2967500000.000	31.540
2970000000.000	31.510
2972500000.000	31.490
2975000000.000	31.480
2977500000.000	31.470
2980000000.000	31.480
2982500000.000	31.480
2985000000.000	31.500
2987500000.000	31.520
2990000000.000	31.520
2992500000.000	31.510
2995000000.000	31.480
2997500000.000	31.460
3000000000.000	31.440
