9000	4,51549105346203E-02
2008995,5	-1,23218080261722E-04
4008991	-3,27260419726372E-02
6008986,5	-3,71833853423595E-02
8008982	-3,35674360394478E-02
10008978	-3,12653630971909E-02
12008973	-3,75754311680794E-02
14008968	-4,78060245513916E-02
16008964	-5,98011016845703E-02
18008960	-6,57646954059601E-02
20008956	-0,0672567486763
22008950	-6,57240077853203E-02
24008946	-6,62357583642006E-02
26008942	-7,31419175863266E-02
28008936	-8,18700343370438E-02
30008932	-0,090002715587616
32008928	-9,48093384504318E-02
34008924	-9,49192643165588E-02
36008920	-9,78618264198303E-02
38008916	-0,102211304008961
40008912	-0,104684203863144
42008904	-0,106045141816139
44008900	-0,107121661305428
46008896	-0,109215870499611
48008892	-0,116222947835922
50008888	-0,124623671174049
52008884	-0,129293963313103
54008880	-0,128872007131577
56008872	-0,127803817391396
58008868	-0,127655655145645
60008864	-0,12820103764534
62008860	-0,134371623396873
64008856	-0,139244958758354
66008852	-0,145351827144623
68008848	-0,147227257490158
70008840	-0,149885252118111
72008840	-0,153020933270454
74008832	-0,156895190477371
76008832	-0,158454120159149
78008824	-0,157771870493889
80008816	-0,155996948480606
82008816	-0,156652688980103
84008808	-0,161379814147949
86008808	-0,16903880238533
88008800	-0,174379035830498
90008800	-0,176432996988297
92008792	-0,172388404607773
94008792	-0,169753074645996
96008784	-0,170548722147942
98008776	-0,176275014877319
100008776	-0,184007436037064
102008768	-0,189409270882607
104008768	-0,191779062151909
106008760	-0,192061692476273
108008760	-0,193773627281189
110008752	-0,196796968579292
112008752	-0,197948932647705
114008744	-0,198477521538734
116008736	-0,198439374566078
118008736	-0,200460374355316
120008728	-0,20225977897644
122008728	-0,206975176930428
124008720	-0,210707575082779
126008720	-0,21291446685791
128008712	-0,213623329997063
130008704	-0,212570652365685
132008704	-0,215846866369247
134008696	-0,219917565584183
136008688	-0,224044904112816
138008688	-0,226501747965813
140008688	-0,228418186306953
142008688	-0,229047507047653
144008672	-0,230602979660034
146008672	-0,232521370053291
148008672	-0,232932433485985
150008656	-0,236208364367485
152008656	-0,235700324177742
154008656	-0,238097131252289
156008656	-0,242486521601677
158008640	-0,247921660542488
160008640	-0,250926673412323
162008640	-0,250300526618958
164008624	-0,248091593384743
166008624	-0,249345719814301
168008624	-0,252507895231247
170008624	-0,257967978715897
172008608	-0,261422485113144
174008608	-0,264845818281174
176008608	-0,265301644802094
178008592	-0,266522496938705
180008592	-0,268450438976288
182008592	-0,272461473941803
184008592	-0,27426466345787
186008576	-0,275411367416382
188008576	-0,276044130325317
190008576	-0,27764493227005
192008576	-0,281931340694427
194008560	-0,285980194807053
196008560	-0,289350569248199
198008560	-0,289145052433014
200008544	-0,287559270858765
202008544	-0,286425918340683
204008544	-0,288531124591827
206008544	-0,29129433631897
208008528	-0,295266151428223
210008528	-0,298461645841599
212008528	-0,300606817007065
214008512	-0,301541060209274
216008512	-0,303951770067215
218008512	-0,306104183197021
220008512	-0,308100491762161
222008496	-0,313584357500076
224008496	-0,317893385887146
226008496	-0,320734679698944
228008480	-0,323911726474762
230008480	-0,325547695159912
232008480	-0,326022833585739
234008480	-0,328394711017609
236008464	-0,328162431716919
238008464	-0,327114105224609
240008464	-0,325110703706741
242008448	-0,324873149394989
244008448	-0,326395899057388
246008448	-0,331096917390823
248008448	-0,33435520529747
250008432	-0,336043685674667
252008432	-0,338194906711578
254008432	-0,339587032794952
256008416	-0,343379527330399
258008416	-0,346443623304367
260008416	-0,350210011005402
262008416	-0,3528753221035
264008400	-0,357315540313721
266008400	-0,361090451478958
268008400	-0,365950167179108
270008384	-0,36627796292305
272008384	-0,364559262990952
274008384	-0,362734019756317
276008384	-0,361725151538849
278008384	-0,3636354804039
280008384	-0,366880059242249
282008352	-0,367728024721146
284008352	-0,369814157485962
286008352	-0,370810955762863
288008352	-0,372477412223816
290008352	-0,374008536338806
292008352	-0,375809073448181
294008352	-0,376884460449219
296008320	-0,379921942949295
298008320	-0,385075807571411
300008320	-0,387821674346924
302008320	-0,391001641750336
304008320	-0,389823853969574
306008320	-0,389131307601929
308008320	-0,389558523893356
310008288	-0,392561495304108
312008288	-0,394656330347061
314008288	-0,3986756503582
316008288	-0,400606065988541
318008288	-0,400387018918991
320008288	-0,401512056589127
322008288	-0,402795046567917
324008256	-0,403874784708023
326008256	-0,405248135328293
328008256	-0,405160844326019
330008256	-0,409889996051788
332008256	-0,414900928735733
334008256	-0,419591426849365
336008256	-0,422117829322815
338008224	-0,420574963092804
340008224	-0,419301331043243
342008224	-0,419049739837646
344008224	-0,420422255992889
346008224	-0,422984719276428
348008224	-0,424039840698242
350008224	-0,424513876438141
352008192	-0,425854086875916
354008192	-0,427321195602417
356008192	-0,431623935699463
358008192	-0,43473345041275
360008192	-0,436148703098297
362008192	-0,437615960836411
364008192	-0,439842045307159
366008192	-0,444922596216202
368008160	-0,448037952184677
370008160	-0,449417233467102
372008160	-0,449247658252716
374008160	-0,448501348495483
376008160	-0,449343591928482
378008160	-0,450411736965179
380008160	-0,450863808393478
382008128	-0,451208978891373
384008128	-0,45100337266922
386008128	-0,451553046703339
388008128	-0,453778386116028
390008128	-0,456853270530701
392008128	-0,461504220962524
394008128	-0,464629948139191
396008096	-0,466794699430466
398008096	-0,467937618494034
400008096	-0,46926486492157
402008096	-0,467863857746124
404008096	-0,469973087310791
406008096	-0,471204489469528
408008096	-0,471344918012619
410008064	-0,469939261674881
412008064	-0,469676405191422
414008064	-0,469491124153137
416008064	-0,4698725938797
418008064	-0,47247588634491
420008064	-0,474886476993561
422008064	-0,476717382669449
424008032	-0,477874219417572
426008032	-0,476757347583771
428008032	-0,478658676147461
430008032	-0,481371909379959
432008032	-0,484229981899261
434008032	-0,485050559043884
436008032	-0,486071646213531
438008000	-0,488321661949158
440008000	-0,491104781627655
442008000	-0,494033992290497
444008000	-0,494994759559631
446008000	-0,492976367473602
448008000	-0,491000145673752
450008000	-0,490661025047302
452007968	-0,493201047182083
454007968	-0,496165484189987
456007968	-0,50061160326004
458007968	-0,500426769256592
460007968	-0,498753756284714
462007968	-0,499554872512817
464007968	-0,500133991241455
466007936	-0,503416180610657
468007936	-0,506077945232391
470007936	-0,508241534233093
472007936	-0,508877158164978
474007936	-0,511286318302155
476007936	-0,513376474380493
478007936	-0,51346218585968
480007936	-0,513306200504303
482007904	-0,511580109596252
484007904	-0,511878848075867
486007904	-0,513320446014404
488007904	-0,516598343849182
490007904	-0,520302414894104
492007904	-0,522932469844818
494007904	-0,522834658622742
496007872	-0,520829617977142
498007872	-0,520388185977936
500007872	-0,520882904529572
502007872	-0,524462342262268
504007872	-0,527513384819031
506007872	-0,531227588653564
508007872	-0,532444596290588
510007840	-0,533993124961853
512007840	-0,532746732234955
514007840	-0,533580780029297
516007840	-0,533656179904938
518007840	-0,532537579536438
520007840	-0,530860483646393
522007840	-0,530434548854828
524007808	-0,533123254776001
526007808	-0,538288950920105
528007808	-0,544846713542938
530007808	-0,549007892608643
532007808	-0,549670815467834
534007808	-0,547220170497894
536007808	-0,54373836517334
538007808	-0,541547119617462
540007808	-0,54257208108902
542007808	-0,544578313827515
544007808	-0,550530195236206
546007744	-0,557442247867584
548007744	-0,561036705970764
550007744	-0,562159538269043
552007744	-0,561451971530914
554007744	-0,556335508823395
556007744	-0,5518519282341
558007744	-0,55043089389801
560007744	-0,550885379314423
562007744	-0,554258167743683
564007744	-0,558665096759796
566007744	-0,561829268932343
568007744	-0,562245726585388
570007744	-0,562466025352478
572007744	-0,562478840351105
574007680	-0,562349021434784
576007680	-0,562584280967712
578007680	-0,567177295684814
580007680	-0,573162913322449
582007680	-0,583246231079102
584007680	-0,589831352233887
586007680	-0,592332899570465
588007680	-0,58914041519165
590007680	-0,582823157310486
592007680	-0,576600134372711
594007680	-0,573469877243042
596007680	-0,573721528053284
598007680	-0,573913395404816
600007680	-0,575764238834381
602007616	-0,577471554279327
604007616	-0,579939246177673
606007616	-0,581629037857056
608007616	-0,582056939601898
610007616	-0,583359718322754
612007616	-0,58411169052124
614007616	-0,58459335565567
616007616	-0,589018523693085
618007616	-0,594563543796539
620007616	-0,599685490131378
622007616	-0,603533864021301
624007616	-0,603725373744965
626007616	-0,604368090629578
628007616	-0,600446581840515
630007552	-0,598390817642212
632007552	-0,598289847373962
634007552	-0,600905418395996
636007552	-0,603831887245178
638007552	-0,607497334480286
640007552	-0,609907865524292
642007552	-0,610712051391602
644007552	-0,611530244350433
646007552	-0,612627387046814
648007552	-0,612851321697235
650007552	-0,616219222545624
652007552	-0,618551015853882
654007552	-0,622239351272583
656007552	-0,626358151435852
658007488	-0,629907310009003
660007488	-0,631355345249176
662007488	-0,630212366580963
664007488	-0,629170417785645
666007488	-0,628146231174469
668007488	-0,629669070243835
670007488	-0,630680561065674
672007488	-0,634045958518982
674007488	-0,634116768836975
676007488	-0,637755930423737
678007488	-0,638431251049042
680007488	-0,640429556369781
682007488	-0,640287399291992
684007488	-0,642388224601746
686007488	-0,643835604190826
688007424	-0,645527303218842
690007424	-0,648078441619873
692007424	-0,651854634284973
694007424	-0,654901027679443
696007424	-0,657198667526245
698007424	-0,658404350280762
700007424	-0,659004747867584
702007424	-0,657850861549377
704007424	-0,658894121646881
706007424	-0,658869504928589
708007424	-0,659554898738861
710007424	-0,662471055984497
712007424	-0,66408383846283
714007424	-0,666768908500671
716007360	-0,668017327785492
718007360	-0,670664012432098
720007360	-0,6722172498703
722007360	-0,673769652843475
724007360	-0,6756352186203
726007360	-0,677961707115173
728007360	-0,680745840072632
730007360	-0,683852314949036
732007360	-0,687748849391937
734007360	-0,689639806747437
736007360	-0,691887080669403
738007360	-0,691788911819458
740007360	-0,690980553627014
742007360	-0,689805150032043
744007296	-0,689810216426849
746007296	-0,69118070602417
748007296	-0,693065583705902
750007296	-0,695519149303436
752007296	-0,696798026561737
754007296	-0,698206782341003
756007296	-0,698046922683716
758007296	-0,699243605136871
760007296	-0,698328018188477
762007296	-0,69992995262146
764007296	-0,701515793800354
766007296	-0,70637172460556
768007296	-0,709876656532288
770007296	-0,713824331760406
772007232	-0,716739058494568
774007232	-0,71773374080658
776007232	-0,716045260429382
778007232	-0,713756799697876
780007232	-0,712680518627167
782007232	-0,713112711906433
784007232	-0,714099109172821
786007232	-0,719379246234894
788007232	-0,723872482776642
790007232	-0,725034534931183
792007232	-0,724116683006287
794007232	-0,72373902797699
796007232	-0,722250878810883
798007232	-0,721741080284119
800007168	-0,722912549972534
802007168	-0,72520112991333
804007168	-0,73001891374588
806007168	-0,736353993415833
808007168	-0,742095410823822
810007168	-0,746268689632416
812007168	-0,746535539627075
814007168	-0,741689324378967
816007168	-0,734777987003326
818007168	-0,730449676513672
820007168	-0,731758534908295
822007168	-0,741256833076477
824007168	-0,753974676132202
826007168	-0,763356626033783
828007168	-0,76746654510498
830007104	-0,76329106092453
832007104	-0,75551974773407
834007104	-0,747231185436249
836007104	-0,741913855075836
838007104	-0,741150319576263
840007104	-0,742985248565674
842007104	-0,745556116104126
844007104	-0,750600337982178
846007104	-0,752825617790222
848007104	-0,751776695251465
850007104	-0,750487446784973
852007104	-0,745769381523132
854007104	-0,741102993488312
856007104	-0,742092609405518
858007040	-0,749564111232758
860007040	-0,760943651199341
862007040	-0,774734556674957
864007040	-0,784926056861877
866007040	-0,78686660528183
868007040	-0,781585037708282
870007040	-0,769405484199524
872007040	-0,759409010410309
874007040	-0,752955436706543
876007040	-0,750642061233521
878007040	-0,751464486122131
880007040	-0,752040863037109
882007040	-0,751694202423096
884007040	-0,75036096572876
886006976	-0,750854313373566
888006976	-0,747979938983917
890006976	-0,747578144073486
892006976	-0,747006595134735
894006976	-0,750778615474701
896006976	-0,758674442768097
898006976	-0,768406510353088
900006976	-0,780026257038116
902006976	-0,785620808601379
904006976	-0,78579318523407
906006976	-0,779312133789063
908006976	-0,768522560596466
910006976	-0,761292457580566
912006976	-0,755629897117615
914006912	-0,753539264202118
916006912	-0,754543900489807
918006912	-0,75702041387558
920006912	-0,757049262523651
922006912	-0,756014466285706
924006912	-0,753264904022217
926006912	-0,751644492149353
928006912	-0,751374125480652
930006912	-0,75445294380188
932006912	-0,760380327701569
934006912	-0,770696401596069
936006912	-0,78101110458374
938006912	-0,789868474006653
940006912	-0,793822526931763
942006912	-0,791028499603271
944006848	-0,78452205657959
946006848	-0,775828242301941
948006848	-0,769137978553772
950006848	-0,766154646873474
952006848	-0,766077756881714
954006848	-0,768429696559906
956006848	-0,769339859485626
958006848	-0,768535494804382
960006848	-0,765921115875244
962006848	-0,764830350875854
964006848	-0,762700915336609
966006848	-0,763376355171204
968006848	-0,766052305698395
970006848	-0,773107409477234
972006784	-0,783595561981201
974006784	-0,793741345405579
976006784	-0,801472008228302
978006784	-0,802712082862854
980006784	-0,800573885440826
982006784	-0,793525815010071
984006784	-0,787125170230865
986006784	-0,782499313354492
988006784	-0,781332314014435
990006784	-0,780466258525848
992006784	-0,77938175201416
994006784	-0,777433216571808
996006784	-0,776383578777313
998006784	-0,775790274143219
1000006720	-0,776783227920532
1002006720	-0,777661919593811
1004006720	-0,778532266616821
1006006720	-0,78264719247818
1008006720	-0,788637042045593
1010006720	-0,797861754894257
1012006720	-0,804726421833038
1014006720	-0,81099808216095
1016006720	-0,812047362327576
1018006720	-0,808182120323181
1020006720	-0,803521871566772
1022006720	-0,799142777919769
1024006720	-0,795863211154938
1026006720	-0,794864594936371
1028006656	-0,795201003551483
1030006656	-0,794978082180023
1032006656	-0,793811678886414
1034006656	-0,794473230838776
1036006656	-0,792843401432037
1038006656	-0,794672310352325
1040006656	-0,796601295471191
1042006656	-0,799267053604126
1044006656	-0,803903460502625
1046006656	-0,810920715332031
1048006656	-0,819522380828857
1050006656	-0,826552271842957
1052006656	-0,831650495529175
1054006656	-0,832779765129089
1056006656	-0,831378757953644
1058006592	-0,82742577791214
1060006592	-0,823470652103424
1062006592	-0,820072591304779
1064006592	-0,818507969379425
1066006592	-0,818700313568115
1068006592	-0,818821489810944
1070006592	-0,820410549640656
1072006592	-0,821623742580414
1074006528	-0,823176980018616
1076006528	-0,823763132095337
1078006528	-0,825666308403015
1080006528	-0,826485097408295
1082006528	-0,828824520111084
1084006528	-0,832578063011169
1086006528	-0,837666153907776
1088006528	-0,843221068382263
1090006528	-0,849864840507507
1092006528	-0,853671491146088
1094006528	-0,855714917182922
1096006528	-0,852894127368927
1098006528	-0,849863648414612
1100006528	-0,847112774848938
1102006528	-0,847093403339386
1104006528	-0,850478529930115
1106006528	-0,85573148727417
1108006528	-0,860467255115509
1110006528	-0,864743590354919
1112006528	-0,865298986434937
1114006528	-0,865019261837006
1116006528	-0,862588346004486
1118006528	-0,859577298164368
1120006528	-0,860109388828278
1122006528	-0,862580299377441
1124006528	-0,869453489780426
1126006528	-0,881334066390991
1128006400	-0,891900539398193
1130006400	-0,899144291877747
1132006400	-0,897524058818817
1134006400	-0,892369270324707
1136006400	-0,88362580537796
1138006400	-0,878319442272186
1140006400	-0,881367266178131
1142006400	-0,889265298843384
1144006400	-0,901177048683167
1146006400	-0,911005258560181
1148006400	-0,915315091609955
1150006400	-0,911996483802795
1152006400	-0,904361128807068
1154006400	-0,895197510719299
1156006400	-0,888676345348358
1158006400	-0,887488663196564
1160006400	-0,889717221260071
1162006400	-0,896847307682037
1164006400	-0,907361805438995
1166006400	-0,916309237480164
1168006400	-0,920655727386475
1170006400	-0,920096278190613
1172006400	-0,914837062358856
1174006400	-0,909708201885223
1176006400	-0,909071803092957
1178006400	-0,917251706123352
1180006400	-0,932371556758881
1182006400	-0,948215186595917
1184006400	-0,95772910118103
1186006272	-0,959338009357452
1188006272	-0,951229333877563
1190006272	-0,940819680690765
1192006272	-0,929779291152954
1194006272	-0,922793805599213
1196006272	-0,921120285987854
1198006272	-0,924856424331665
1200006272	-0,929733216762543
1202006272	-0,936687469482422
1204006272	-0,94393914937973
1206006272	-0,945276021957397
1208006272	-0,941183090209961
1210006272	-0,936163187026978
1212006272	-0,930814266204834
1214006272	-0,93531322479248
1216006272	-0,948096811771393
1218006272	-0,967748820781708
1220006272	-0,984107136726379
1222006272	-0,990705788135529
1224006272	-0,987299740314484
1226006272	-0,976619005203247
1228006272	-0,964097678661346
1230006272	-0,957496047019959
1232006272	-0,952367424964905
1234006272	-0,95256382226944
1236006272	-0,957159101963043
1238006272	-0,961286664009094
1240006272	-0,96559727191925
1242006144	-0,966468751430511
1244006144	-0,964850306510925
1246006144	-0,958701491355896
1248006144	-0,953732073307037
1250006144	-0,955359280109406
1252006144	-0,966748833656311
1254006144	-0,988643169403076
1256006144	-1,0115864276886
1258006144	-1,02603352069855
1260006144	-1,02690863609314
1262006144	-1,01469588279724
1264006144	-0,998680055141449
1266006144	-0,985582411289215
1268006144	-0,979025363922119
1270006144	-0,977850198745728
1272006144	-0,980899572372437
1274006144	-0,982960820198059
1276006144	-0,982415914535522
1278006144	-0,98419463634491
1280006144	-0,98275625705719
1282006144	-0,978566348552704
1284006144	-0,974858045578003
1286006144	-0,971525847911835
1288006144	-0,977302074432373
1290006144	-0,990883409976959
1292006144	-1,01262760162354
1294006144	-1,03363502025604
1296006144	-1,04361844062805
1298006016	-1,03914165496826
1300006016	-1,02197468280792
1302006016	-0,999935805797577
1304006016	-0,985160171985626
1306006016	-0,980956435203552
1308006016	-0,987397730350494
1310006016	-0,998010337352753
1312006016	-1,00587916374207
1314006016	-1,00894999504089
1316006016	-1,00471377372742
1318006016	-0,996943056583405
1320006016	-0,987411081790924
1322006016	-0,981272757053375
1324006016	-0,980130434036255
1326006016	-0,987495183944702
1328006016	-1,00256931781769
1330006016	-1,02097487449646
1332006016	-1,03507494926453
1334006016	-1,03961300849915
1336006016	-1,03072094917297
1338006016	-1,01349914073944
1340006016	-0,993482172489166
1342006016	-0,98363870382309
1344006016	-0,985317885875702
1346006016	-0,995348572731018
1348006016	-1,00719475746155
1350006016	-1,0132611989975
1352006016	-1,0131528377533
1354006016	-1,00719702243805
1356005888	-0,998012125492096
1358005888	-0,991363883018494
1360005888	-0,987340807914734
1362005888	-0,989061951637268
1364005888	-0,996026694774628
1366005888	-1,009153008461
1368005888	-1,02083742618561
1370005888	-1,02710044384003
1372005888	-1,02541136741638
1374005888	-1,0148606300354
1376005888	-1,00177216529846
1378005888	-0,994175910949707
1380005888	-0,994852185249329
1382005888	-1,00519680976868
1384005888	-1,01697659492493
1386005888	-1,02349019050598
1388005888	-1,02498197555542
1390005888	-1,01663315296173
1392005888	-1,00739300251007
1394005888	-0,999397933483124
1396005888	-0,995613932609558
1398005888	-0,991737544536591
1400005888	-0,990908861160278
1402005888	-0,991525113582611
1404005888	-0,994138121604919
1406005888	-1,00038373470306
1408005888	-1,00686621665955
1410005888	-1,01025199890137
1412005760	-1,01103603839874
1414005760	-1,00791501998901
1416005760	-1,00506246089935
1418005760	-1,00467586517334
1420005760	-1,00903141498566
1422005760	-1,01402378082275
1424005760	-1,01906108856201
1426005760	-1,02062022686005
1428005760	-1,01856684684753
1430005760	-1,01479077339172
1432005760	-1,0090320110321
1434005760	-1,00575590133667
1436005760	-1,00144970417023
1438005760	-0,996714174747467
1440005760	-0,995257973670959
1442005760	-0,995495438575745
1444005760	-0,997388362884521
1446005760	-1,00192141532898
1448005760	-1,00775456428528
1450005760	-1,01264846324921
1452005760	-1,01461553573608
1454005760	-1,01484763622284
1456005760	-1,01618146896362
1458005760	-1,0191775560379
1460005760	-1,02297806739807
1462005760	-1,02777409553528
1464005760	-1,03127408027649
1466005760	-1,03474473953247
1468005760	-1,03430032730103
1470005632	-1,03298306465149
1472005632	-1,02675664424896
1474005632	-1,02022659778595
1476005632	-1,0101375579834
1478005632	-1,00152182579041
1480005632	-0,997369825839996
1482005632	-0,999148786067963
1484005632	-1,00482833385468
1486005632	-1,01372766494751
1488005632	-1,02385592460632
1490005632	-1,0276837348938
1492005632	-1,02895998954773
1494005632	-1,02869129180908
1496005632	-1,03303444385529
1498005632	-1,04282093048096
1500005632	-1,05292344093323
1502005632	-1,06420814990997
1504005632	-1,06978809833527
1506005632	-1,0702805519104
1508005632	-1,06432056427002
1510005632	-1,05461728572845
1512005632	-1,04263055324554
1514005632	-1,02967810630798
1516005632	-1,02070939540863
1518005632	-1,01761960983276
1520005632	-1,0221825838089
1522005632	-1,0321854352951
1524005632	-1,04330134391785
1526005504	-1,05031669139862
1528005504	-1,04954254627228
1530005504	-1,04648244380951
1532005504	-1,04806637763977
1534005504	-1,05949449539185
1536005504	-1,07816827297211
1538005504	-1,09884786605835
1540005504	-1,11216938495636
1542005504	-1,1136919260025
1544005504	-1,10646510124207
1546005504	-1,09338903427124
1548005504	-1,08142948150635
1550005504	-1,0728747844696
1552005504	-1,06731033325195
1554005504	-1,0637594461441
1556005504	-1,06238949298859
1558005504	-1,06519436836243
1560005504	-1,06968510150909
1562005504	-1,07541441917419
1564005504	-1,07460987567902
1566005504	-1,06926572322845
1568005504	-1,06608164310455
1570005504	-1,06499600410461
1572005504	-1,07355129718781
1574005504	-1,09345531463623
1576005504	-1,11273145675659
1578005504	-1,1259833574295
1580005504	-1,12746226787567
1582005504	-1,11944556236267
1584005376	-1,10522282123566
1586005376	-1,09640944004059
1588005376	-1,09408318996429
1590005376	-1,09700667858124
1592005376	-1,10218155384064
1594005376	-1,10807609558105
1596005376	-1,11334347724915
1598005376	-1,11746275424957
1600005376	-1,11907279491425
1602005376	-1,1137832403183
1604005376	-1,10592412948608
1606005376	-1,09569990634918
1608005376	-1,09491276741028
1610005376	-1,10430729389191
1612005376	-1,12279605865479
1614005376	-1,13937389850616
1616005376	-1,14560115337372
1618005376	-1,13866376876831
1620005376	-1,12794744968414
1622005376	-1,12187707424164
1624005376	-1,1271687746048
1626005376	-1,14168035984039
1628005376	-1,15456449985504
1630005376	-1,15975785255432
1632005376	-1,15712285041809
1634005376	-1,15245127677917
1636005376	-1,14573585987091
1638005376	-1,14022266864777
1640005248	-1,13243889808655
1642005248	-1,12447893619537
1644005248	-1,12197959423065
1646005248	-1,1271116733551
1648005248	-1,14098656177521
1650005248	-1,15634524822235
1652005248	-1,16827034950256
1654005248	-1,16775739192963
1656005248	-1,15818166732788
1658005248	-1,14883351325989
1660005248	-1,1485333442688
1662005248	-1,15689885616302
1664005248	-1,1730523109436
1666005248	-1,18563234806061
1668005248	-1,18910956382751
1670005248	-1,1843535900116
1672005248	-1,17538380622864
1674005248	-1,16696763038635
1676005248	-1,16155672073364
1678005248	-1,15726900100708
1680005248	-1,153653383255
1682005248	-1,15259313583374
1684005248	-1,15670299530029
1686005248	-1,16343760490417
1688005248	-1,17121911048889
1690005248	-1,1777800321579
1692005248	-1,17857456207275
1694005248	-1,17600679397583
1696005120	-1,17378294467926
1698005120	-1,17732357978821
1700005120	-1,18770015239716
1702005120	-1,19976115226746
1704005120	-1,20770359039307
1706005120	-1,2081184387207
1708005120	-1,20117247104645
1710005120	-1,19327878952026
1712005120	-1,18877875804901
1714005120	-1,18626368045807
1716005120	-1,1858823299408
1718005120	-1,1834944486618
1720005120	-1,18150246143341
1722005120	-1,18169641494751
1724005120	-1,18438386917114
1726005120	-1,19090723991394
1728005120	-1,19474041461945
1730005120	-1,19457304477692
1732005120	-1,19115555286407
1734005120	-1,19145655632019
1736005120	-1,19741249084473
1738005120	-1,2101879119873
1740005120	-1,22407424449921
1742005120	-1,23014199733734
1744005120	-1,22382569313049
1746005120	-1,21506214141846
1748005120	-1,20337128639221
1750005120	-1,19770538806915
1752005120	-1,19680154323578
1754004992	-1,19934988021851
1756004992	-1,1976478099823
1758004992	-1,19295501708984
1760004992	-1,19041621685028
1762004992	-1,18680214881897
1764004992	-1,18992221355438
1766004992	-1,19455742835999
1768004992	-1,19978737831116
1770004992	-1,20127511024475
1772004992	-1,20356154441833
1774004992	-1,20682978630066
1776004992	-1,21250629425049
1778004992	-1,21863508224487
1780004992	-1,21948146820068
1782004992	-1,21551942825317
1784004992	-1,20963990688324
1786004992	-1,20467531681061
1788004992	-1,20406103134155
1790004992	-1,20453083515167
1792004992	-1,2041198015213
1794004992	-1,19915318489075
1796004992	-1,19139850139618
1798004992	-1,18350398540497
1800004992	-1,18322086334229
1802004992	-1,18626368045807
1804004992	-1,19049406051636
1806004992	-1,19415891170502
1808004992	-1,19420719146729
1810004864	-1,19372892379761
1812004864	-1,19768095016479
1814004864	-1,20331299304962
1816004864	-1,20950841903687
1818004864	-1,21551299095154
1820004864	-1,21308374404907
1822004864	-1,21130633354187
1824004864	-1,20925533771515
1826004864	-1,21152770519257
1828004864	-1,21508312225342
1830004864	-1,2162948846817
1832004864	-1,20984578132629
1834004864	-1,19844102859497
1836004864	-1,18706691265106
1838004864	-1,17776393890381
1840004864	-1,1776727437973
1842004864	-1,18010151386261
1844004864	-1,18417978286743
1846004864	-1,18533504009247
1848004864	-1,18088376522064
1850004864	-1,1788022518158
1852004864	-1,18022787570953
1854004864	-1,18605196475983
1856004864	-1,19403767585754
1858004864	-1,20141506195068
1860004864	-1,20406031608582
1862004864	-1,20367085933685
1864004864	-1,20434474945068
1866004864	-1,20354306697845
1868004736	-1,20395278930664
1870004736	-1,20171105861664
1872004736	-1,19591450691223
1874004736	-1,18744027614594
1876004736	-1,18321561813354
1878004736	-1,18333673477173
1880004736	-1,18360602855682
1882004736	-1,18196392059326
1884004736	-1,17385756969452
1886004736	-1,16467607021332
1888004736	-1,15842437744141
1890004736	-1,16188180446625
1892004736	-1,17321109771729
1894004736	-1,18727815151215
1896004736	-1,19683837890625
1898004736	-1,19962334632874
1900004736	-1,19870626926422
1902004736	-1,20001685619354
1904004736	-1,204176902771
1906004736	-1,20749378204346
1908004736	-1,21023857593536
1910004736	-1,20558774471283
1912004736	-1,19797337055206
1914004736	-1,19436275959015
1916004736	-1,19439768791199
1918004736	-1,19740879535675
1920004736	-1,19528663158417
1922004736	-1,18650245666504
1924004608	-1,17344689369202
1926004608	-1,1656768321991
1928004608	-1,17013549804688
1930004608	-1,1835949420929
1932004608	-1,19981420040131
1934004608	-1,20913350582123
1936004608	-1,20816051959991
1938004608	-1,20450830459595
1940004608	-1,20523858070374
1942004608	-1,21312189102173
1944004608	-1,22662878036499
1946004608	-1,24078071117401
1948004608	-1,24488174915314
1950004608	-1,24140977859497
1952004608	-1,23594653606415
1954004608	-1,23385953903198
1956004608	-1,23448610305786
1958004608	-1,2337532043457
1960004608	-1,22526478767395
1962004608	-1,20916974544525
1964004608	-1,19298219680786
1966004608	-1,18569111824036
1968004608	-1,1876277923584
1970004608	-1,19496440887451
1972004608	-1,20474243164063
1974004608	-1,20966792106628
1976004608	-1,21425724029541
1978004608	-1,2236670255661
1980004608	-1,24164938926697
1982004480	-1,26676940917969
1984004480	-1,2855703830719
1986004480	-1,29091370105743
1988004480	-1,28674173355103
1990004480	-1,27618432044983
1992004480	-1,26812100410461
1994004480	-1,265496134758
1996004480	-1,26229000091553
1998004480	-1,25636839866638
2000004480	-1,24644267559052
2002004480	-1,23328304290771
2004004480	-1,22977983951569
2006004480	-1,23255944252014
2008004480	-1,23978638648987
2010004480	-1,24359118938446
2012004480	-1,24457108974457
2014004480	-1,24824512004852
2016004480	-1,26145315170288
2018004480	-1,28418815135956
2020004480	-1,30819439888
2022004480	-1,3228645324707
2024004480	-1,32398843765259
2026004480	-1,31523001194
2028004480	-1,30269360542297
2030004480	-1,29861176013947
2032004480	-1,30206763744354
2034004480	-1,30606651306152
2036004480	-1,30455493927002
2038004352	-1,29701089859009
2040004352	-1,28630292415619
2042004352	-1,27972304821014
2044004352	-1,27994632720947
2046004352	-1,28318536281586
2048004352	-1,28625857830048
2050004352	-1,28410816192627
2052004352	-1,29076421260834
2054004352	-1,30414032936096
2056004352	-1,3289190530777
2058004352	-1,35460865497589
2060004352	-1,36819267272949
2062004352	-1,36746394634247
2064004352	-1,35480833053589
2066004352	-1,34045124053955
2068004352	-1,33950710296631
2070004352	-1,34951221942902
2072004352	-1,36050724983215
2074004352	-1,36454582214355
2076004352	-1,35673999786377
2078004352	-1,34201657772064
2080004352	-1,3302116394043
2082004352	-1,32278323173523
2084004352	-1,32389140129089
2086004352	-1,32498955726624
2088004352	-1,33024942874908
2090004352	-1,33529675006866
2092004352	-1,34832453727722
2094004352	-1,3648282289505
2096004224	-1,38001453876495
2098004224	-1,38204228878021
2100004224	-1,37269198894501
2102004224	-1,35763823986053
2104004224	-1,35131502151489
2106004224	-1,3594913482666
2108004224	-1,38011813163757
2110004224	-1,40153098106384
2112004224	-1,41095185279846
2114004224	-1,40511500835419
2116004224	-1,38820505142212
2118004224	-1,37289333343506
2120004224	-1,36232399940491
2122004224	-1,36113107204437
2124004224	-1,36589074134827
2126004224	-1,37107563018799
2128004224	-1,37392377853394
2130004224	-1,37657904624939
2132004224	-1,38336992263794
2134004224	-1,38629603385925
2136004224	-1,38743114471436
2138004224	-1,38211941719055
2140004224	-1,37859213352203
2142004224	-1,38453376293182
2144004224	-1,40177965164185
2146004224	-1,42718017101288
2148004096	-1,45033049583435
2150004224	-1,45625531673431
2152004096	-1,44692051410675
2154004224	-1,42502772808075
2156004096	-1,40607476234436
2158004224	-1,39455556869507
2160004096	-1,39360368251801
2162004224	-1,39548397064209
2164004096	-1,39595639705658
2166004224	-1,39296388626099
2168004096	-1,38948559761047
2170004224	-1,38904750347137
2172004096	-1,38914108276367
2174004224	-1,38878762722015
2176004096	-1,38738691806793
2178004224	-1,38758111000061
2180004096	-1,39656925201416
2182003968	-1,41954469680786
2184004096	-1,44656562805176
2186003968	-1,47152709960938
2188004096	-1,48036301136017
2190003968	-1,47263479232788
2192004096	-1,45230543613434
2194003968	-1,4311398267746
2196004096	-1,42036604881287
2198003968	-1,41875696182251
2200004096	-1,42220795154572
2202003968	-1,42288255691528
2204004096	-1,41275537014008
2206003968	-1,3971973657608
2208004096	-1,38138782978058
2210003968	-1,36971831321716
2212004096	-1,36614894866943
2214003968	-1,37200736999512
2216004096	-1,38609993457794
2218003968	-1,40346336364746
2220004096	-1,42380774021149
2222003968	-1,44734668731689
2224004096	-1,46396231651306
2226003968	-1,46959602832794
2228004096	-1,46599626541138
2230003968	-1,45637392997742
2232004096	-1,44842851161957
2234003968	-1,44398593902588
2236004096	-1,44271194934845
2238003968	-1,43076825141907
2240003840	-1,41392207145691
2242003968	-1,38929104804993
2244003840	-1,36691462993622
2246003968	-1,35447490215302
2248003840	-1,35437393188477
2250003968	-1,3637752532959
2252003840	-1,37497293949127
2254003968	-1,38516294956207
2256003840	-1,39420986175537
2258003968	-1,41276264190674
2260003840	-1,4386373758316
2262003968	-1,46376073360443
2264003840	-1,47975587844849
2266003968	-1,47825217247009
2268003840	-1,46070849895477
2270003968	-1,44021141529083
2272003840	-1,42541074752808
2274003968	-1,42049717903137
2276003840	-1,41272306442261
2278003968	-1,40201997756958
2280003840	-1,38415443897247
2282003968	-1,36442089080811
2284003840	-1,34956240653992
2286003968	-1,34586751461029
2288003840	-1,35120499134064
2290003968	-1,35794281959534
2292003840	-1,36421072483063
2294003712	-1,3716424703598
2296003840	-1,38859987258911
2298003712	-1,41016852855682
2300003840	-1,43599855899811
2302003712	-1,45236241817474
2304003840	-1,4551545381546
2306003712	-1,44627153873444
2308003840	-1,43435430526733
2310003712	-1,42684388160706
2312003840	-1,42192387580872
2314003712	-1,41793966293335
2316003840	-1,40415835380554
2318003712	-1,38280284404755
2320003840	-1,36042308807373
2322003712	-1,34464359283447
2324003840	-1,34134769439697
2326003712	-1,34760618209839
2328003840	-1,35183048248291
2330003712	-1,35345113277435
2332003840	-1,35325026512146
2334003712	-1,36327862739563
2336003840	-1,38528680801392
2338003712	-1,41487693786621
2340003840	-1,43608939647675
2342003712	-1,44441199302673
2344003840	-1,43282604217529
2346003712	-1,41677796840668
2348003840	-1,40052783489227
2350003712	-1,39854800701141
2352003584	-1,39923274517059
2354003712	-1,39696025848389
2356003584	-1,38547670841217
2358003712	-1,37073290348053
2360003584	-1,35796689987183
2362003712	-1,35456919670105
2364003584	-1,35577178001404
2366003712	-1,35766792297363
2368003584	-1,35515022277832
2370003712	-1,35677707195282
2372003584	-1,36886131763458
2374003712	-1,3951313495636
2376003584	-1,4258017539978
2378003712	-1,447585105896
2380003584	-1,44872093200684
2382003712	-1,43164575099945
2384003584	-1,4128303527832
2386003712	-1,40847826004028
2388003584	-1,41819071769714
2390003712	-1,44097256660461
2392003584	-1,45258140563965
2394003712	-1,44919621944427
2396003584	-1,43044829368591
2398003712	-1,40682649612427
2400003584	-1,38702416419983
2402003712	-1,37712574005127
2404003584	-1,37279748916626
2406003712	-1,36921036243439
2408003584	-1,36689424514771
2410003456	-1,37312388420105
2412003584	-1,38921964168549
2414003456	-1,41136717796326
2416003584	-1,42862629890442
2418003456	-1,43274128437042
2420003584	-1,42238795757294
2422003456	-1,41094541549683
2424003584	-1,4123295545578
2426003456	-1,42645883560181
2428003584	-1,4489061832428
2430003456	-1,46066200733185
2432003584	-1,46100997924805
2434003456	-1,44645118713379
2436003584	-1,42644548416138
2438003456	-1,41396284103394
2440003584	-1,41143667697906
2442003456	-1,4064747095108
2444003584	-1,4069629907608
2446003456	-1,41569876670837
2448003584	-1,43113505840302
2450003456	-1,45543205738068
2452003584	-1,47840917110443
2454003456	-1,48493754863739
2456003584	-1,47375559806824
2458003456	-1,45621919631958
2460003584	-1,44597983360291
2462003456	-1,46281945705414
2464003584	-1,5019748210907
2466003456	-1,54424250125885
2468003328	-1,57053649425507
2470003456	-1,56789040565491
2472003328	-1,54274165630341
2474003456	-1,51177704334259
2476003328	-1,48867344856262
2478003456	-1,47899770736694
2480003328	-1,47930037975311
2482003456	-1,48213863372803
2484003328	-1,485955119133
2486003456	-1,49036836624146
2488003328	-1,49162781238556
2490003456	-1,4925491809845
2492003328	-1,48960876464844
2494003456	-1,48182797431946
2496003328	-1,47923350334167
2498003456	-1,49162781238556
2500003328	-1,52230274677277
2502003456	-1,56555068492889
2504003328	-1,60421323776245
2506003456	-1,62707304954529
2508003328	-1,62499523162842
2510003456	-1,60096454620361
2512003328	-1,5755580663681
2514003456	-1,558030128479
2516003328	-1,55529522895813
2518003456	-1,55975437164307
2520003328	-1,56380534172058
2522003200	-1,56085658073425
2524003328	-1,55309212207794
2526003200	-1,54361057281494
2528003328	-1,53716921806335
2530003200	-1,53197169303894
2532003328	-1,53223752975464
2534003200	-1,53700840473175
2536003328	-1,55362224578857
2538003200	-1,58265900611877
2540003328	-1,6209704875946
2542003200	-1,65345430374146
2544003328	-1,66823446750641
2546003200	-1,66219019889832
2548003328	-1,64202225208282
2550003200	-1,62503886222839
2552003328	-1,62258613109589
2554003200	-1,62837612628937
2556003328	-1,63640677928925
2558003200	-1,633220911026
2560003328	-1,61840093135834
2562003200	-1,5959267616272
2564003328	-1,57532155513763
2566003200	-1,565061211586
2568003328	-1,561891913414
2570003200	-1,56933486461639
2572003328	-1,58593475818634
2574003200	-1,61033582687378
2576003328	-1,64805245399475
2578003200	-1,68845462799072
2580003072	-1,72021269798279
2582003200	-1,73426878452301
2584003072	-1,72944808006287
2586003200	-1,71096384525299
2588003072	-1,69249153137207
2590003200	-1,68599510192871
2592003072	-1,68869435787201
2594003200	-1,69513332843781
2596003072	-1,68829500675201
2598003200	-1,6699595451355
2600003072	-1,63937187194824
2602003200	-1,6089460849762
2604003072	-1,59232974052429
2606003200	-1,59289240837097
2608003072	-1,60583877563477
2610003200	-1,62047564983368
2612003072	-1,63727140426636
2614003200	-1,6571432352066
2616003072	-1,68006598949432
2618003200	-1,70475029945374
2620003072	-1,72060477733612
2622003200	-1,72404301166534
2624003072	-1,71083617210388
2626003200	-1,69631218910217
2628003072	-1,68869364261627
2630003200	-1,69589221477509
2632003072	-1,70969593524933
2634003200	-1,71774339675903
2636003072	-1,71159434318542
2638002944	-1,68859934806824
2640003072	-1,66235136985779
2642002944	-1,64417397975922
2644003072	-1,63774871826172
2646002944	-1,63620924949646
2648003072	-1,6345043182373
2650002944	-1,6340399980545
2652003072	-1,63786637783051
2654002944	-1,65011429786682
2656003072	-1,66972017288208
2658002944	-1,68883514404297
2660003072	-1,69546735286713
2662002944	-1,69040560722351
2664003072	-1,68073010444641
2666002944	-1,67593419551849
2668003072	-1,68530106544495
2670002944	-1,69967544078827
2672003072	-1,70720767974854
2674002944	-1,70234096050262
2676003072	-1,68079471588135
2678002944	-1,65391826629639
2680003072	-1,6344587802887
2682002944	-1,62487041950226
2684003072	-1,61907386779785
2686002944	-1,61265277862549
2688003072	-1,60191702842712
2690002944	-1,5957282781601
2692002816	-1,59681141376495
2694002944	-1,61094832420349
2696002816	-1,63022041320801
2698002944	-1,64010345935822
2700002816	-1,64169192314148
2702002944	-1,63533926010132
2704002816	-1,62965321540833
2706002944	-1,63245177268982
2708002816	-1,6417418718338
2710002944	-1,64759933948517
2712002816	-1,64447605609894
2714002944	-1,63245928287506
2716002816	-1,61755633354187
2718002944	-1,60587310791016
2720002816	-1,59854829311371
2722002944	-1,59023225307465
2724002816	-1,57927250862122
2726002944	-1,56664395332336
2728002816	-1,56234383583069
2730002944	-1,57030367851257
2732002816	-1,58758091926575
2734002944	-1,6035133600235
2736002816	-1,60910248756409
2738002944	-1,60339641571045
2740002816	-1,5952136516571
2742002944	-1,59944641590118
2744002816	-1,62099051475525
2746002944	-1,64911150932312
2748002816	-1,6689909696579
2750002688	-1,66728270053864
2752002816	-1,65119051933289
2754002688	-1,62058305740356
2756002816	-1,59524011611938
2758002688	-1,57999575138092
2760002816	-1,56781780719757
2762002688	-1,55341410636902
2764002816	-1,53866040706635
2766002688	-1,52785873413086
2768002816	-1,52849864959717
2770002688	-1,53983235359192
2772002816	-1,55476880073547
2774002688	-1,5618622303009
2776002816	-1,55666303634644
2778002688	-1,54593598842621
2780002816	-1,54224336147308
2782002688	-1,54594528675079
2784002816	-1,5587146282196
2786002688	-1,56916165351868
2788002816	-1,56983399391174
2790002688	-1,55763125419617
2792002816	-1,53923201560974
2794002688	-1,52213323116302
2796002816	-1,51161003112793
2798002688	-1,50508332252502
2800002816	-1,49925112724304
2802002688	-1,4940550327301
2804002816	-1,49329137802124
2806002688	-1,50399589538574
2808002560	-1,52160584926605
2810002688	-1,53318619728088
2812002560	-1,53259253501892
2814002688	-1,5177218914032
2816002560	-1,50126159191132
2818002688	-1,49424624443054
2820002560	-1,50876021385193
2822002688	-1,52968275547028
2824002560	-1,54646623134613
2826002688	-1,54660046100616
2828002560	-1,53227078914642
2830002688	-1,51177144050598
2832002560	-1,49693918228149
2834002688	-1,49416446685791
2836002560	-1,49493682384491
2838002688	-1,49931383132935
2840002560	-1,49564599990845
2842002688	-1,49492835998535
2844002560	-1,49402916431427
2846002688	-1,50043320655823
2848002560	-1,50166642665863
2850002688	-1,49662256240845
2852002560	-1,48476779460907
2854002688	-1,4800112247467
2856002560	-1,4867992401123
2858002688	-1,51108253002167
2860002560	-1,536665558815
2862002688	-1,55457139015198
2864002560	-1,55285370349884
2866002432	-1,53380012512207
2868002560	-1,51528000831604
2870002432	-1,50437963008881
2872002560	-1,50908601284027
2874002432	-1,52056455612183
2876002560	-1,52888703346252
2878002432	-1,52860045433044
2880002560	-1,52278280258179
2882002432	-1,5198700428009
2884002560	-1,5127180814743
2886002432	-1,51020407676697
2888002560	-1,50334000587463
2890002432	-1,49834740161896
2892002560	-1,49778008460999
2894002432	-1,51010870933533
2896002560	-1,53331899642944
2898002432	-1,55709362030029
2900002560	-1,56911027431488
2902002432	-1,56697690486908
2904002560	-1,55240488052368
2906002432	-1,5394526720047
2908002560	-1,5415244102478
2910002432	-1,55672693252563
2912002560	-1,5754873752594
2914002432	-1,5902533531189
2916002560	-1,59390377998352
2918002432	-1,58774566650391
2920002304	-1,57991075515747
2922002432	-1,57559216022491
2924002304	-1,57275974750519
2926002432	-1,57436466217041
2928002304	-1,57613027095795
2930002432	-1,58727312088013
2932002304	-1,60362422466278
2934002432	-1,63098871707916
2936002304	-1,6548103094101
2938002432	-1,66873443126678
2940002304	-1,66589152812958
2942002432	-1,65071845054626
2944002304	-1,64103639125824
2946002432	-1,64656984806061
2948002304	-1,66648483276367
2950002432	-1,68799257278442
2952002304	-1,69995498657227
2954002432	-1,69075894355774
2956002304	-1,67454028129578
2958002432	-1,65874028205872
2960002304	-1,65273284912109
2962002432	-1,65846395492554
2964002304	-1,66908884048462
2966002432	-1,67768609523773
2968002304	-1,6864218711853
2970002432	-1,69587779045105
2972002304	-1,71235573291779
2974002432	-1,72878408432007
2976002304	-1,74220132827759
2978002176	-1,74496352672577
2980002304	-1,74085307121277
2982002176	-1,74183547496796
2984002304	-1,75262236595154
2986002176	-1,77313876152039
2988002304	-1,7959189414978
2990002176	-1,80421888828278
2992002304	-1,7942498922348
2994002176	-1,77127540111542
2996002304	-1,74883460998535
2998002176	-1,73633599281311
3000002304	-1,73558115959167
3002002176	-1,74230813980103
3004002304	-1,74796772003174
3006002176	-1,75252103805542
3008002304	-1,7625629901886
3010002176	-1,78273415565491
3012002304	-1,80705809593201
3014002176	-1,82852864265442
3016002304	-1,8410005569458
3018002176	-1,84002923965454
3020002304	-1,83773100376129
3022002176	-1,84611701965332
3024002304	-1,86754512786865
3026002176	-1,8922073841095
3028002304	-1,90385282039642
3030002176	-1,89596962928772
3032002304	-1,86628639698029
3034002176	-1,83786034584045
3036002048	-1,81615614891052
3038002176	-1,81276535987854
3040002048	-1,81370031833649
3042002176	-1,81206881999969
3044002048	-1,80119383335114
3046002176	-1,79216289520264
3048002048	-1,79485630989075
3050002176	-1,8117847442627
3052002048	-1,83572900295258
3054002176	-1,85216534137726
3056002048	-1,85553646087646
3058002176	-1,85190320014954
3060002048	-1,85860371589661
3062002176	-1,87803375720978
3064002048	-1,90312957763672
3066002176	-1,91882085800171
3068002048	-1,91678583621979
3070002176	-1,89517164230347
3072002048	-1,8714417219162
3074002176	-1,85731470584869
3076002048	-1,85324811935425
3078002176	-1,85065698623657
3080002048	-1,83917689323425
3082002176	-1,82135343551636
3084002048	-1,81643903255463
3086002176	-1,83728396892548
3088002048	-1,88129484653473
3090001920	-1,92729723453522
3092002048	-1,95416831970215
3094001920	-1,94770038127899
3096002048	-1,92385506629944
3098001920	-1,90239024162292
3100002048	-1,89927339553833
3102001920	-1,90856671333313
3104002048	-1,91794276237488
3106001920	-1,90774440765381
3108002048	-1,88401091098785
3110001920	-1,85344243049622
3112002048	-1,83404088020325
3114001920	-1,82672917842865
3116002048	-1,82626307010651
3118001920	-1,82074058055878
3120002048	-1,80907547473907
3122001920	-1,80060005187988
3124002048	-1,80427956581116
3126001920	-1,82668793201447
3128002048	-1,85143291950226
3130001920	-1,86391651630402
3132002048	-1,85097551345825
3134001920	-1,81882202625275
3136002048	-1,79136168956757
3138001920	-1,775435090065
3140002048	-1,78101968765259
3142001920	-1,78891944885254
3144002048	-1,7916054725647
3146001920	-1,78523516654968
3148001792	-1,77324175834656
3150001920	-1,7686368227005
3152001792	-1,77467238903046
3154001920	-1,78398466110229
3156001792	-1,7848060131073
3158001920	-1,78028964996338
3160001792	-1,77107286453247
3162001920	-1,76756751537323
3164001792	-1,77338838577271
3166001920	-1,77947628498077
3168001792	-1,77143335342407
3170001920	-1,75080537796021
3172001792	-1,72393083572388
3174001920	-1,70705389976501
3176001792	-1,70943999290466
3178001920	-1,72885191440582
3180001792	-1,74621045589447
3182001920	-1,75126194953918
3184001792	-1,74056768417358
3186001920	-1,72676539421082
3188001792	-1,72252106666565
3190001920	-1,72561597824097
3192001792	-1,73609721660614
3194001920	-1,73909831047058
3196001792	-1,73539209365845
3198001920	-1,73278987407684
3200001792	-1,73607683181763
3202001920	-1,74458873271942
3204001792	-1,75061595439911
3206001664	-1,74258160591125
3208001792	-1,72488677501678
3210001664	-1,70974016189575
3212001792	-1,71293902397156
3214001664	-1,7324800491333
3216001792	-1,76173663139343
3218001664	-1,77595722675323
3220001792	-1,76559996604919
3222001664	-1,73939692974091
3224001792	-1,71365749835968
3226001664	-1,70972490310669
3228001792	-1,73533093929291
3230001664	-1,76919031143188
3232001792	-1,79486799240112
3234001664	-1,80212640762329
3236001792	-1,79436230659485
3238001664	-1,78056287765503
3240001792	-1,76982176303864
3242001664	-1,76029706001282
3244001792	-1,74148774147034
3246001664	-1,71058750152588
3248001792	-1,68007111549377
3250001664	-1,66311621665955
3252001792	-1,67192649841309
3254001664	-1,695396900177
3256001792	-1,71782302856445
3258001664	-1,71990156173706
3260001792	-1,70149075984955
3262001664	-1,67825388908386
3264001536	-1,66659605503082
3266001664	-1,67403173446655
3268001536	-1,69448256492615
3270001664	-1,70785856246948
3272001536	-1,70835018157959
3274001664	-1,69699740409851
3276001536	-1,68201863765717
3278001664	-1,67120110988617
3280001536	-1,66601085662842
3282001664	-1,65949678421021
3284001536	-1,649409532547
3286001664	-1,64219737052917
3288001536	-1,64548289775848
3290001664	-1,66083228588104
3292001536	-1,68096005916595
3294001664	-1,69602692127228
3296001536	-1,69468772411346
3298001664	-1,67841649055481
3300001536	-1,66532778739929
3302001664	-1,66740489006042
3304001536	-1,68642699718475
3306001664	-1,71338605880737
3308001536	-1,73040533065796
3310001664	-1,72496104240417
3312001536	-1,70136225223541
3314001664	-1,67575693130493
3316001536	-1,66584956645966
3318001408	-1,66696047782898
3320001536	-1,68098199367523
3322001408	-1,68911623954773
3324001536	-1,68809795379639
3326001408	-1,68587756156921
3328001536	-1,69069421291351
3330001408	-1,71108531951904
3332001536	-1,73055458068848
3334001408	-1,74503815174103
3336001536	-1,74177873134613
3338001408	-1,7303706407547
3340001536	-1,72372436523438
3342001408	-1,72790479660034
3344001536	-1,73685336112976
3346001408	-1,74098587036133
3348001536	-1,72577142715454
3350001408	-1,69951677322388
3352001536	-1,67661476135254
3354001408	-1,6714848279953
3356001536	-1,68904137611389
3358001408	-1,71311867237091
3360001536	-1,72967743873596
3362001408	-1,73632764816284
3364001536	-1,73688411712646
3366001408	-1,74934244155884
3368001536	-1,77551770210266
3370001408	-1,80449664592743
3372001536	-1,82506132125854
3374001408	-1,82771193981171
3376001280	-1,81509959697723
3378001408	-1,80592167377472
3380001280	-1,806028008461
3382001408	-1,81287622451782
3384001280	-1,81252360343933
3386001408	-1,79508817195892
3388001280	-1,77035284042358
3390001408	-1,75008392333984
3392001280	-1,75470948219299
3394001408	-1,78518795967102
3396001280	-1,82281124591827
3398001408	-1,84996056556702
3400001280	-1,8542423248291
3402001408	-1,85140478610992
3404001280	-1,8584657907486
3406001408	-1,88611924648285
3408001280	-1,92867422103882
3410001408	-1,95902240276337
3412001280	-1,95844340324402
3414001408	-1,93558466434479
3416001280	-1,89842760562897
3418001408	-1,87003552913666
3420001280	-1,85435247421265
3422001408	-1,84728014469147
3424001280	-1,83907604217529
3426001408	-1,83037424087524
3428001280	-1,83253049850464
3430001408	-1,85550808906555
3432001280	-1,8950115442276
3434001152	-1,93478775024414
3436001280	-1,95798206329346
3438001152	-1,96216404438019
3440001280	-1,96045887470245
3442001152	-1,97128057479858
3444001280	-2,00855898857117
3446001152	-2,05450439453125
3448001280	-2,07990741729736
3450001152	-2,07291746139526
3452001280	-2,03592371940613
3454001152	-1,99137377738953
3456001280	-1,96194410324097
3458001152	-1,95296764373779
3460001280	-1,95701491832733
3462001152	-1,95675158500671
3464001280	-1,94998371601105
3466001152	-1,94896292686462
3468001280	-1,96431422233582
3470001152	-1,99677646160126
3472001280	-2,03258943557739
3474001152	-2,05264711380005
3476001280	-2,05471539497375
3478001152	-2,04848480224609
3480001280	-2,05335736274719
3482001152	-2,07686233520508
3484001280	-2,10607695579529
3486001152	-2,11887812614441
3488001024	-2,10291242599487
3490001152	-2,0609757900238
3492001024	-2,01881122589111
3494001152	-1,99548542499542
3496001024	-1,99749457836151
3498001152	-2,01000165939331
3500001024	-2,01902008056641
3502001152	-2,0209047794342
3504001024	-2,02274084091187
3506001152	-2,03254222869873
3508001024	-2,0518262386322
3510001152	-2,06952238082886
3512001024	-2,08110857009888
3514001152	-2,0818567276001
3516001024	-2,09058856964111
3518001152	-2,11998558044434
3520001024	-2,16056704521179
3522001152	-2,19868969917297
3524001024	-2,20569562911987
3526001152	-2,17360854148865
3528001024	-2,11966991424561
3530001152	-2,06944870948792
3532001024	-2,05063557624817
3534001152	-2,06081962585449
3536001024	-2,08198046684265
3538001152	-2,09185576438904
3540001024	-2,08040189743042
3542001152	-2,06076955795288
3544001024	-2,0469696521759
3546000896	-2,05064034461975
3548001024	-2,06219339370728
3550000896	-2,06932139396667
3552001024	-2,06625247001648
3554000896	-2,06739592552185
3556001024	-2,07713007926941
3558000896	-2,10057616233826
3560001024	-2,12363338470459
3562000896	-2,12654089927673
3564001024	-2,10273003578186
3566000896	-2,06790900230408
3568001024	-2,04352235794067
3570000896	-2,04810094833374
3572001024	-2,07724905014038
3574000896	-2,10950827598572
3576001024	-2,11594438552856
3578000896	-2,09400868415833
3580001024	-2,05857443809509
3582000896	-2,02807879447937
3584001024	-2,01670932769775
3586000896	-2,0193977355957
3588001024	-2,01931619644165
3590000896	-2,01059722900391
3592001024	-1,99601888656616
3594000896	-1,99129891395569
3596001024	-2,0003719329834
3598000896	-2,01481318473816
3600001024	-2,02110147476196
3602000896	-2,01014375686646
3604000768	-1,9911413192749
3606000896	-1,98236167430878
3608000768	-1,9982602596283
3610000896	-2,03382301330566
3612000768	-2,06416153907776
3614000896	-2,06725144386292
3616000768	-2,0397891998291
3618000896	-1,99881088733673
3620000768	-1,96186554431915
3622000896	-1,94796216487885
3624000768	-1,94883561134338
3626000896	-1,94554710388184
3628000768	-1,92618191242218
3630000896	-1,90230131149292
3632000768	-1,88736987113953
3634000896	-1,88996767997742
3636000768	-1,90371036529541
3638000896	-1,92204105854034
3640000768	-1,92990362644196
3642000896	-1,92676198482513
3644000768	-1,92778480052948
3646000896	-1,94964778423309
3648000768	-1,97990918159485
3650000896	-2,00558042526245
3652000768	-2,0033106803894
3654000896	-1,97319889068604
3656000768	-1,92899990081787
3658000896	-1,88962078094482
3660000768	-1,8713127374649
3662000640	-1,87063908576965
3664000768	-1,85946154594421
3666000640	-1,82787680625916
3668000768	-1,79954838752747
3670000640	-1,77757084369659
3672000768	-1,78065884113312
3674000640	-1,80807888507843
3676000768	-1,83372116088867
3678000640	-1,85308933258057
3680000768	-1,85860693454742
3682000640	-1,86006951332092
3684000768	-1,86321270465851
3686000640	-1,87898576259613
3688000768	-1,89463996887207
3690000640	-1,91248226165771
3692000768	-1,89587116241455
3694000640	-1,87543511390686
3696000768	-1,83812963962555
3698000640	-1,84443140029907
3700000768	-1,84440135955811
3702000640	-1,82553029060364
3704000768	-1,79584443569183
3706000640	-1,76172196865082
3708000768	-1,73132658004761
3710000640	-1,77500319480896
3712000768	-1,82781100273132
3714000640	-1,89848291873932
3716000512	-1,94237959384918
3718000640	-1,94809544086456
3720000512	-1,93382263183594
3722000640	-1,92991232872009
3724000512	-1,94866955280304
3726000640	-1,98415982723236
3728000512	-2,00496554374695
3730000640	-1,98797750473022
3732000512	-1,94240570068359
3734000640	-1,88373947143555
3736000512	-1,8363870382309
3738000640	-1,80873107910156
3740000512	-1,78951609134674
3742000640	-1,77424621582031
3744000512	-1,76326167583466
3746000640	-1,7770848274231
3748000512	-1,82537567615509
3750000640	-1,89755666255951
3752000512	-1,9624924659729
3754000640	-1,99212527275085
3756000512	-1,97923636436462
3758000640	-1,95031821727753
3760000512	-1,94456708431244
3762000640	-1,97703111171722
3764000512	-2,03380942344666
3766000640	-2,07348585128784
3768000512	-2,05803966522217
3770000640	-1,99232888221741
3772000512	-1,90313458442688
3774000384	-1,83243215084076
3776000512	-1,80333507061005
3778000384	-1,80826187133789
3780000512	-1,82574856281281
3782000384	-1,84469449520111
3784000512	-1,87374174594879
3786000384	-1,90159773826599
3788000512	-1,93143820762634
3790000384	-1,94915103912354
3792000512	-1,9416344165802
3794000384	-1,91486358642578
3796000512	-1,89798176288605
3798000384	-1,91515147686005
3800000512	-1,97331666946411
3802000384	-2,04430842399597
3804000512	-2,08215856552124
3806000384	-2,0621440410614
3808000512	-1,99642789363861
3810000384	-1,92349123954773
3812000512	-1,88413000106812
3814000384	-1,88880276679993
3816000512	-1,93025040626526
3818000384	-1,96728444099426
3820000512	-1,99070203304291
3822000384	-1,99572110176086
3824000512	-1,99654269218445
3826000384	-2,00070190429688
3828000512	-1,99803876876831
3830000384	-1,98255240917206
3832000256	-1,96063017845154
3834000384	-1,95983743667603
3836000256	-1,99078702926636
3838000384	-2,06194067001343
3840000256	-2,13102674484253
3842000384	-2,16170787811279
3844000256	-2,13554835319519
3846000384	-2,06936144828796
3848000256	-2,01545381546021
3850000384	-2,01540994644165
3852000256	-2,07045149803162
3854000384	-2,15532326698303
3856000256	-2,22098708152771
3858000384	-2,23825073242188
3860000256	-2,21220684051514
3862000384	-2,1702287197113
3864000256	-2,1333315372467
3866000384	-2,10552144050598
3868000256	-2,07804870605469
3870000384	-2,05182957649231
3872000256	-2,03996348381042
3874000384	-2,05979871749878
3876000256	-2,11083722114563
3878000384	-2,1617431640625
3880000256	-2,19191527366638
3882000384	-2,18296098709106
3884000256	-2,16026306152344
3886000384	-2,16053771972656
3888000256	-2,20489645004272
3890000128	-2,2940309047699
3892000256	-2,38220572471619
3894000128	-2,42656207084656
3896000256	-2,41086912155151
3898000128	-2,35390162467957
3900000256	-2,28931403160095
3902000128	-2,23838686943054
3904000256	-2,20656085014343
3906000128	-2,18991732597351
3908000256	-2,17393779754639
3910000128	-2,18379735946655
3912000256	-2,20196628570557
3914000128	-2,23965311050415
3916000256	-2,27775049209595
3918000128	-2,30202317237854
3920000256	-2,3058819770813
3922000128	-2,31092953681946
3924000256	-2,33989357948303
3926000128	-2,40823245048523
3928000256	-2,50259065628052
3930000128	-2,57725286483765
3932000256	-2,60017347335815
3934000128	-2,56809520721436
3936000256	-2,49450755119324
3938000128	-2,41745686531067
3940000256	-2,36426091194153
3942000128	-2,33481669425964
3944000000	-2,31476330757141
3946000128	-2,29874968528748
3948000000	-2,28947758674622
3950000128	-2,29771494865417
3952000000	-2,32141256332397
3954000128	-2,35672640800476
3956000000	-2,38065457344055
3958000128	-2,39254975318909
3960000000	-2,40881943702698
3962000128	-2,45575881004334
3964000000	-2,54084634780884
3966000128	-2,6485857963562
3968000000	-2,72926139831543
3970000128	-2,7489914894104
3972000000	-2,69593262672424
3974000128	-2,59750151634216
3976000000	-2,50543236732483
3978000128	-2,44206404685974
3980000000	-2,41268658638
3982000128	-2,39139842987061
3984000000	-2,36953401565552
3986000128	-2,33717346191406
3988000000	-2,32186841964722
3990000128	-2,33200478553772
3992000000	-2,36182641983032
3994000128	-2,40008020401001
3996000000	-2,43113374710083
3998000128	-2,46354198455811
4000000000	-2,50895881652832